2 0.000000 100.000000 1057.418842
307 241 
1 -12.500000 0.000000 -12.500228 99.608804 0.000000 8.717929 0.000208 
2 12.750000 0.000000 -12.500228 99.612005 0.000000 8.659018 0.000247 
3 12.750000 0.000000 12.514972 99.636392 0.000000 8.638366 -0.000203 
4 -12.500000 0.000000 12.514972 99.631610 0.000000 8.717358 -0.000245 
5 0.125000 0.000000 0.007372 100.117681 0.000000 0.398858 -0.002371 
6 -12.500000 0.000000 0.007372 99.620646 0.000000 8.731628 -0.000051 
7 0.125000 0.000000 -12.500228 99.589530 0.000000 8.685915 0.000648 
8 12.750000 0.000000 0.007372 99.783183 0.000000 6.808086 -0.000303 
9 0.125000 0.000000 12.514972 99.654445 0.000000 8.681335 -0.000637 
10 6.437500 0.000000 -6.246428 99.589097 0.000000 8.503680 0.000970 
11 0.125000 0.000000 -6.246428 99.500875 0.000000 8.604322 0.002554 
12 6.437500 0.000000 -12.500228 99.599849 0.000000 8.663195 0.000482 
13 12.750000 0.000000 -6.246428 99.622321 0.000000 8.528477 0.000266 
14 6.437500 0.000000 0.007372 99.832081 0.000000 6.110404 -0.000378 
15 -6.187500 0.000000 -6.246428 99.577441 0.000000 8.725099 0.000821 
16 -12.500000 0.000000 -6.246428 99.609086 0.000000 8.725332 0.000190 
17 -6.187500 0.000000 -12.500228 99.597680 0.000000 8.710290 0.000443 
18 -6.187500 0.000000 0.007372 99.623485 0.000000 8.778380 -0.000190 
19 6.437500 0.000000 6.261172 99.682439 0.000000 8.441007 -0.000784 
20 0.125000 0.000000 6.261172 99.755123 0.000000 8.589288 -0.002486 
21 12.750000 0.000000 6.261172 99.656674 0.000000 8.392917 -0.000189 
22 6.437500 0.000000 12.514972 99.646732 0.000000 8.652039 -0.000433 
23 3.281250 0.000000 -3.119528 99.498469 0.000000 8.046907 0.003530 
24 0.125000 0.000000 -3.119528 99.220752 0.000000 8.378383 0.008505 
25 3.281250 0.000000 -6.246428 99.543071 0.000000 8.518689 0.001861 
26 6.437500 0.000000 -3.119528 99.619871 0.000000 8.103102 0.001022 
27 3.281250 0.000000 0.007372 99.831956 0.000000 5.592725 0.000230 
28 -6.187500 0.000000 6.261172 99.666764 0.000000 8.723143 -0.000956 
29 -12.500000 0.000000 6.261172 99.631890 0.000000 8.724889 -0.000264 
30 -6.187500 0.000000 12.514972 99.644007 0.000000 8.708724 -0.000477 
31 -3.031250 0.000000 -3.119528 99.461603 0.000000 8.753422 0.003077 
32 -6.187500 0.000000 -3.119528 99.578840 0.000000 8.754158 0.000742 
33 -3.031250 0.000000 -6.246428 99.534840 0.000000 8.696286 0.001719 
34 -3.031250 0.000000 0.007372 99.630975 0.000000 8.944172 -0.000633 
35 3.281250 0.000000 3.134272 99.824807 0.000000 7.923442 -0.002777 
36 0.125000 0.000000 3.134272 100.063443 0.000000 8.346435 -0.008236 
37 6.437500 0.000000 3.134272 99.729246 0.000000 7.833121 -0.000728 
38 3.281250 0.000000 6.261172 99.721906 0.000000 8.485015 -0.001645 
39 1.703125 0.000000 -1.556078 99.179635 0.000000 7.168861 0.011201 
40 0.125000 0.000000 -1.556078 98.456808 0.000000 7.993450 0.024236 
41 1.703125 0.000000 -3.119528 99.343689 0.000000 8.112335 0.006502 
42 3.281250 0.000000 -1.556078 99.554080 0.000000 7.276894 0.003603 
43 1.703125 0.000000 0.007372 99.773812 0.000000 5.000617 0.002018 
44 -3.031250 0.000000 3.134272 99.794561 0.000000 8.747748 -0.003548 
45 -6.187500 0.000000 3.134272 99.667160 0.000000 8.752691 -0.001015 
46 -3.031250 0.000000 6.261172 99.713603 0.000000 8.691156 -0.001834 
47 -1.453125 0.000000 -1.556078 99.113733 0.000000 8.889050 0.009745 
48 -3.031250 0.000000 -1.556078 99.472673 0.000000 8.858821 0.002671 
49 -1.453125 0.000000 -3.119528 99.319549 0.000000 8.658156 0.006066 
50 -1.453125 0.000000 0.007372 99.642743 0.000000 9.486931 -0.001868 
51 1.703125 0.000000 1.570822 100.200663 0.000000 7.041282 -0.008975 
52 0.125000 0.000000 1.570822 100.867764 0.000000 7.952798 -0.023755 
53 3.281250 0.000000 1.570822 99.872721 0.000000 7.006680 -0.002365 
54 1.703125 0.000000 3.134272 99.960945 0.000000 8.043417 -0.005689 
55 0.914062 0.000000 -0.774353 98.413640 0.000000 5.960349 0.027923 
56 0.125000 0.000000 -0.774353 96.839245 0.000000 7.569279 0.056487 
57 0.914062 0.000000 -1.556078 98.769324 0.000000 7.353211 0.019055 
58 1.703125 0.000000 -0.774353 99.281914 0.000000 6.174401 0.010498 
59 0.914062 0.000000 0.007372 99.722826 0.000000 3.711272 0.004158 
60 -1.453125 0.000000 1.570822 100.165616 0.000000 8.878211 -0.011197 
61 -3.031250 0.000000 1.570822 99.787582 0.000000 8.854929 -0.003597 
62 -1.453125 0.000000 3.134272 99.947429 0.000000 8.644857 -0.006422 
63 -0.664062 0.000000 -0.774353 98.269111 0.000000 9.386780 0.025507 
64 -1.453125 0.000000 -0.774353 99.169512 0.000000 9.233271 0.008015 
65 -0.664062 0.000000 -1.556078 98.711704 0.000000 8.668161 0.018086 
66 -0.664062 0.000000 0.007372 99.650411 0.000000 10.927335 -0.004961 
67 0.914062 0.000000 0.789097 100.989017 0.000000 5.883162 -0.023339 
68 0.125000 0.000000 0.789097 102.521183 0.000000 7.541477 -0.056747 
69 1.703125 0.000000 0.789097 100.172385 0.000000 6.021285 -0.007076 
70 0.914062 0.000000 1.570822 100.583606 0.000000 7.276639 -0.017001 
71 0.519531 0.000000 -0.383490 96.860191 0.000000 4.168550 0.060073 
72 0.125000 0.000000 -0.383490 98.080860 0.000000 -0.099403 0.038013 
73 0.519531 0.000000 -0.774353 97.510082 0.000000 6.304897 0.045203 
74 0.914062 0.000000 -0.383490 98.646087 0.000000 4.665655 0.024718 
75 0.519531 0.000000 0.007372 97.093639 0.000000 -15.349122 0.033723 
76 -0.664062 0.000000 0.789097 101.039004 0.000000 9.378238 -0.029683 
77 -1.453125 0.000000 0.789097 100.114822 0.000000 9.227398 -0.010812 
78 -0.664062 0.000000 1.570822 100.586561 0.000000 8.647976 -0.019244 
79 -0.269531 0.000000 -0.383490 96.437563 0.000000 10.658044 0.058620 
80 -0.664062 0.000000 -0.383490 98.458550 0.000000 10.274414 0.020035 
81 -0.269531 0.000000 -0.774353 97.360589 0.000000 8.937364 0.044104 
82 -0.269531 0.000000 0.007372 99.483463 0.000000 15.262954 -0.012992 
83 0.519531 0.000000 0.398235 102.530417 0.000000 4.109989 -0.052938 
84 0.125000 0.000000 0.398235 98.127651 0.000000 -0.097829 0.037095 
85 0.914062 0.000000 0.398235 100.782784 0.000000 4.605233 -0.017838 
86 0.519531 0.000000 0.789097 101.870171 0.000000 6.251085 -0.041661 
87 0.322266 0.000000 -0.188059 97.869398 0.000000 -2.553166 0.041506 
88 0.125000 0.000000 -0.188059 98.114350 0.000000 -0.099997 0.037356 
89 0.322266 0.000000 -0.383490 96.394624 0.000000 -18.665651 0.035967 
90 0.519531 0.000000 -0.188059 96.288603 0.000000 -18.976711 0.036839 
91 0.322266 0.000000 0.007372 97.808595 0.000000 -3.397424 0.042194 
92 -0.269531 0.000000 0.398235 102.884173 0.000000 10.675741 -0.069912 
93 -0.664062 0.000000 0.398235 100.846778 0.000000 10.273842 -0.027562 
94 -0.269531 0.000000 0.789097 101.969443 0.000000 8.926372 -0.047745 
95 -0.072266 0.000000 -0.188059 98.259667 0.000000 2.345465 0.033954 
96 -0.269531 0.000000 -0.188059 99.194113 0.000000 18.578367 -0.018463 
97 -0.072266 0.000000 -0.383490 99.246046 0.000000 18.311417 -0.018509 
98 -0.072266 0.000000 0.007372 98.332095 0.000000 3.184017 0.032066 
99 0.322266 0.000000 0.202803 97.914888 0.000000 -2.477438 0.040654 
100 0.125000 0.000000 0.202803 98.162108 0.000000 -0.098367 0.036419 
101 0.519531 0.000000 0.202803 96.324926 0.000000 -18.877052 0.036517 
102 0.322266 0.000000 0.398235 96.951327 0.000000 -16.429924 0.033050 
103 0.223633 0.000000 -0.090344 97.961259 0.000000 -2.030386 0.039947 
104 0.125000 0.000000 -0.090344 98.145692 0.000000 -0.099977 0.036741 
105 0.223633 0.000000 -0.188059 97.978660 0.000000 -1.585274 0.039767 
106 0.322266 0.000000 -0.090344 97.820691 0.000000 -3.148904 0.042120 
107 0.223633 0.000000 0.007372 97.922720 0.000000 -15.948397 0.015679 
108 9.593750 0.000000 -3.119528 99.645702 0.000000 8.179306 0.000383 
109 9.593750 0.000000 -6.246428 99.612368 0.000000 8.513917 0.000489 
110 12.750000 0.000000 -3.119528 99.651178 0.000000 8.238567 0.000177 
111 9.593750 0.000000 0.007372 99.806999 0.000000 6.503898 -0.000374 
112 4.859375 0.000000 -1.556078 99.651758 0.000000 7.404391 0.001470 
113 4.859375 0.000000 -3.119528 99.579054 0.000000 8.064157 0.001898 
114 6.437500 0.000000 -1.556078 99.683081 0.000000 7.508782 0.000690 
115 4.859375 0.000000 0.007372 99.839089 0.000000 5.882171 -0.000244 
116 2.492188 0.000000 -0.774353 99.556452 0.000000 6.420226 0.004729 
117 2.492188 0.000000 -1.556078 99.430577 0.000000 7.206249 0.006163 
118 3.281250 0.000000 -0.774353 99.659173 0.000000 6.589826 0.002462 
119 2.492188 0.000000 0.007372 99.814655 0.000000 5.389894 0.000798 
120 1.308594 0.000000 -0.383490 99.239526 0.000000 5.188019 0.012460 
121 1.308594 0.000000 -0.774353 98.973043 0.000000 6.026446 0.016802 
122 1.703125 0.000000 -0.383490 99.481791 0.000000 5.515588 0.007295 
123 1.308594 0.000000 0.007372 99.752758 0.000000 4.594036 0.002828 
124 0.716797 0.000000 -0.188059 98.581272 0.000000 3.301234 0.027083 
125 0.716797 0.000000 -0.383490 98.003949 0.000000 4.344283 0.037635 
126 0.914062 0.000000 -0.188059 99.085043 0.000000 4.013964 0.016604 
127 0.716797 0.000000 0.007372 99.699478 0.000000 2.779759 0.005229 
128 0.420898 0.000000 -0.090344 97.772827 0.000000 -3.420074 0.042878 
129 0.420898 0.000000 -0.188059 97.687714 0.000000 -11.724709 0.031964 
130 0.519531 0.000000 -0.090344 96.728607 0.000000 -17.140004 0.034980 
131 0.420898 0.000000 0.007372 97.760329 0.000000 -3.613978 0.042986 
132 -0.072266 0.000000 0.202803 98.292097 0.000000 2.273465 0.033349 
133 -0.269531 0.000000 0.202803 99.212219 0.000000 18.497064 -0.018521 
134 -0.072266 0.000000 0.398235 99.470840 0.000000 16.317551 -0.016071 
135 0.223633 0.000000 0.105088 97.995914 0.000000 -1.984063 0.039286 
136 0.125000 0.000000 0.105088 98.178017 0.000000 -0.098860 0.036107 
137 0.322266 0.000000 0.105088 97.851352 0.000000 -3.088752 0.041557 
138 0.223633 0.000000 0.202803 98.028785 0.000000 -1.531083 0.038801 
139 0.272949 0.000000 -0.041486 97.870381 0.000000 -2.899245 0.041298 
140 0.223633 0.000000 -0.041486 97.959582 0.000000 -2.180903 0.039916 
141 0.272949 0.000000 -0.090344 97.879555 0.000000 -2.713156 0.041223 
142 0.322266 0.000000 -0.041486 97.807632 0.000000 -3.340061 0.042251 
143 0.272949 0.000000 0.007372 97.873338 0.000000 -2.955700 0.041207 
144 0.026367 0.000000 -0.090344 98.267807 0.000000 1.825273 0.034011 
145 -0.072266 0.000000 -0.090344 98.305252 0.000000 2.936707 0.032745 
146 0.026367 0.000000 -0.188059 98.214897 0.000000 1.382321 0.035192 
147 0.026367 0.000000 0.007372 100.295599 0.000000 15.144390 -0.028856 
148 0.174316 0.000000 -0.041486 98.062996 0.000000 -1.213568 0.038218 
149 0.125000 0.000000 -0.041486 98.161784 0.000000 -0.099782 0.036425 
150 0.174316 0.000000 -0.090344 98.055256 0.000000 -1.129098 0.038389 
151 0.174316 0.000000 0.007372 99.595221 0.000000 -5.503130 0.005051 
152 9.593750 0.000000 3.134272 99.715348 0.000000 7.740301 -0.000306 
153 12.750000 0.000000 3.134272 99.719834 0.000000 7.616717 -0.000206 
154 9.593750 0.000000 6.261172 99.663614 0.000000 8.416437 -0.000367 
155 4.859375 0.000000 1.570822 99.807654 0.000000 6.956685 -0.000996 
156 6.437500 0.000000 1.570822 99.795462 0.000000 6.867666 -0.000630 
157 4.859375 0.000000 3.134272 99.759449 0.000000 7.872027 -0.001392 
158 2.492188 0.000000 0.789097 99.942677 0.000000 6.156506 -0.002644 
159 3.281250 0.000000 0.789097 99.874865 0.000000 6.190302 -0.001331 
160 2.492188 0.000000 1.570822 99.974333 0.000000 7.013217 -0.004405 
161 1.308594 0.000000 0.398235 100.232549 0.000000 5.089479 -0.007247 
162 1.703125 0.000000 0.398235 100.024182 0.000000 5.369021 -0.003366 
163 1.308594 0.000000 0.789097 100.456143 0.000000 5.916356 -0.012644 
164 0.716797 0.000000 0.202803 100.821567 0.000000 3.267068 -0.017566 
165 0.914062 0.000000 0.202803 100.355211 0.000000 3.976515 -0.008698 
166 0.716797 0.000000 0.398235 101.401623 0.000000 4.291157 -0.030070 
167 0.420898 0.000000 0.105088 97.875293 0.000000 -4.854451 0.039686 
168 0.519531 0.000000 0.105088 96.750993 0.000000 -17.074639 0.034770 
169 0.420898 0.000000 0.202803 97.734322 0.000000 -11.571676 0.031410 
170 0.272949 0.000000 0.056230 97.888850 0.000000 -2.865607 0.040956 
171 0.223633 0.000000 0.056230 97.978751 0.000000 -2.153661 0.039553 
172 0.322266 0.000000 0.056230 97.824439 0.000000 -3.305539 0.041945 
173 0.272949 0.000000 0.105088 97.913006 0.000000 -2.655411 0.040599 
174 0.248291 0.000000 -0.017057 97.913015 0.000000 -2.618084 0.040619 
175 0.223633 0.000000 -0.017057 97.961588 0.000000 -2.218788 0.039860 
176 0.248291 0.000000 -0.041486 97.912197 0.000000 -2.574819 0.040657 
177 0.272949 0.000000 -0.017057 97.870204 0.000000 -2.945762 0.041275 
178 0.248291 0.000000 0.007372 97.916576 0.000000 -2.627350 0.040544 
179 0.026367 0.000000 0.105088 98.294482 0.000000 1.781567 0.033502 
180 -0.072266 0.000000 0.105088 98.325518 0.000000 2.879369 0.032380 
181 0.026367 0.000000 0.202803 98.255745 0.000000 1.331686 0.034404 
182 0.174316 0.000000 0.056230 98.081834 0.000000 -1.198065 0.037852 
183 0.125000 0.000000 0.056230 98.179518 0.000000 -0.099166 0.036077 
184 0.174316 0.000000 0.105088 98.089408 0.000000 -1.102826 0.037725 
185 0.198975 0.000000 0.031801 98.023761 0.000000 -1.742505 0.038831 
186 0.174316 0.000000 0.031801 99.160203 0.000000 -3.060529 0.015789 
187 0.198975 0.000000 0.007372 99.017196 0.000000 -9.200403 0.011095 
188 0.223633 0.000000 0.031801 97.971435 0.000000 -2.204569 0.039674 
189 0.198975 0.000000 0.056230 98.029757 0.000000 -1.701558 0.038727 
190 0.075684 0.000000 0.056230 98.255872 0.000000 0.998056 0.034479 
191 0.026367 0.000000 0.056230 98.304225 0.000000 1.949551 0.033248 
192 0.075684 0.000000 0.007372 100.351856 0.000000 5.629565 -0.010219 
193 0.075684 0.000000 0.105088 98.248372 0.000000 0.903736 0.034644 
194 0.149658 0.000000 0.031801 99.705623 0.000000 -2.180964 0.005403 
195 0.125000 0.000000 0.031801 99.890192 0.000000 0.385729 0.002180 
196 0.149658 0.000000 0.007372 99.929754 0.000000 -2.400310 0.000828 
197 0.149658 0.000000 0.056230 98.132514 0.000000 -0.658015 0.036958 
198 0.198975 0.000000 -0.017057 98.013942 0.000000 -1.753965 0.039019 
199 0.174316 0.000000 -0.017057 98.067608 0.000000 -1.234878 0.038122 
200 0.198975 0.000000 -0.041486 98.010635 0.000000 -1.723501 0.039094 
201 0.186646 0.000000 0.019586 99.510373 0.000000 -6.651899 0.005344 
202 0.174316 0.000000 0.019586 99.608894 0.000000 -5.420234 0.004869 
203 0.186646 0.000000 0.007372 99.577232 0.000000 -7.211530 0.003237 
204 0.198975 0.000000 0.019586 99.000540 0.000000 -8.552976 0.012574 
205 0.186646 0.000000 0.031801 98.863181 0.000000 -5.054833 0.020052 
206 0.075684 0.000000 -0.041486 98.239670 0.000000 1.012248 0.034794 
207 0.026367 0.000000 -0.041486 98.289755 0.000000 1.975309 0.033522 
208 0.075684 0.000000 -0.090344 98.218671 0.000000 0.927655 0.035223 
209 0.100342 0.000000 0.031801 99.541992 0.000000 1.544576 0.008901 
210 0.075684 0.000000 0.031801 99.545025 0.000000 3.373678 0.007941 
211 0.100342 0.000000 0.007372 100.245128 0.000000 3.010681 -0.005815 
212 0.100342 0.000000 0.056230 98.221031 0.000000 0.459247 0.035242 
213 -9.343750 0.000000 3.134272 99.637244 0.000000 8.737732 -0.000393 
214 -12.500000 0.000000 3.134272 99.627836 0.000000 8.729472 -0.000191 
215 -9.343750 0.000000 0.007372 99.621452 0.000000 8.743980 -0.000089 
216 -9.343750 0.000000 6.261172 99.642734 0.000000 8.726706 -0.000483 
217 -4.609375 0.000000 1.570822 99.687531 0.000000 8.806858 -0.001516 
218 -6.187500 0.000000 1.570822 99.651236 0.000000 8.770182 -0.000729 
219 -4.609375 0.000000 0.007372 99.625912 0.000000 8.830110 -0.000329 
220 -4.609375 0.000000 3.134272 99.707374 0.000000 8.759514 -0.001829 
221 -2.242188 0.000000 0.789097 99.831857 0.000000 9.027763 -0.004790 
222 -3.031250 0.000000 0.789097 99.728137 0.000000 8.916266 -0.002520 
223 -2.242188 0.000000 0.007372 99.635470 0.000000 9.101737 -0.001007 
224 -2.242188 0.000000 1.570822 99.913390 0.000000 8.885889 -0.006164 
225 -1.058594 0.000000 0.398235 100.188775 0.000000 9.738484 -0.013263 
226 -1.453125 0.000000 0.398235 99.930871 0.000000 9.410489 -0.007474 
227 -1.058594 0.000000 0.007372 99.647210 0.000000 9.935786 -0.002829 
228 -1.058594 0.000000 0.789097 100.437083 0.000000 9.344885 -0.017493 
229 -0.466797 0.000000 0.202803 100.965092 0.000000 11.533016 -0.032696 
230 -0.664062 0.000000 0.202803 100.373909 0.000000 10.730823 -0.019007 
231 -0.466797 0.000000 0.007372 99.649166 0.000000 12.017426 -0.007437 
232 -0.466797 0.000000 0.398235 101.578652 0.000000 10.590872 -0.043039 
233 -0.170898 0.000000 0.105088 98.731468 0.000000 4.976694 0.022733 
234 -0.269531 0.000000 0.105088 99.496207 0.000000 15.179814 -0.012992 
235 -0.170898 0.000000 0.007372 98.318810 0.000000 3.399459 0.032186 
236 -0.170898 0.000000 0.202803 99.496122 0.000000 9.895042 0.000261 
237 -0.022949 0.000000 0.056230 98.327410 0.000000 2.656990 0.032466 
238 -0.072266 0.000000 0.056230 98.333133 0.000000 3.093656 0.032102 
239 -0.022949 0.000000 0.007372 98.326392 0.000000 2.745644 0.032438 
240 -0.022949 0.000000 0.105088 98.318152 0.000000 2.449035 0.032754 
241 0.051025 0.000000 0.031801 99.480805 0.000000 4.885584 0.007970 
242 0.026367 0.000000 0.031801 98.305037 0.000000 1.999801 0.033212 
243 0.051025 0.000000 0.007372 100.375266 0.000000 8.778270 -0.015225 
244 0.051025 0.000000 0.056230 98.283554 0.000000 1.499683 0.033809 
245 -9.343750 0.000000 -3.119528 99.605411 0.000000 8.738277 0.000240 
246 -12.500000 0.000000 -3.119528 99.613366 0.000000 8.729728 0.000097 
247 -9.343750 0.000000 -6.246428 99.599348 0.000000 8.727574 0.000380 
248 -4.609375 0.000000 -1.556078 99.563603 0.000000 8.808500 0.000950 
249 -6.187500 0.000000 -1.556078 99.595466 0.000000 8.771016 0.000381 
250 -4.609375 0.000000 -3.119528 99.542159 0.000000 8.762252 0.001458 
251 -2.242188 0.000000 -0.774353 99.438181 0.000000 9.031242 0.003048 
252 -3.031250 0.000000 -0.774353 99.533293 0.000000 8.918379 0.001359 
253 -2.242188 0.000000 -1.556078 99.354523 0.000000 8.892271 0.004961 
254 -1.058594 0.000000 -0.383490 99.106035 0.000000 9.741550 0.008310 
255 -1.453125 0.000000 -0.383490 99.355274 0.000000 9.410072 0.003998 
256 -1.058594 0.000000 -0.774353 98.857306 0.000000 9.352218 0.013977 
257 -0.466797 0.000000 -0.188059 98.337407 0.000000 11.527455 0.019687 
258 -0.664062 0.000000 -0.188059 98.928345 0.000000 10.730061 0.009805 
259 -0.466797 0.000000 -0.383490 97.732609 0.000000 10.586228 0.033627 
260 -0.170898 0.000000 -0.090344 98.300856 0.000000 3.206573 0.032666 
261 -0.269531 0.000000 -0.090344 99.366420 0.000000 16.932487 -0.016039 
262 -0.170898 0.000000 -0.188059 99.547243 0.000000 11.707447 -0.004672 
263 -0.022949 0.000000 -0.041486 98.314757 0.000000 2.689012 0.032698 
264 -0.072266 0.000000 -0.041486 98.322294 0.000000 3.126573 0.032295 
265 -0.022949 0.000000 -0.090344 98.294677 0.000000 2.503958 0.033189 
266 0.001709 0.000000 0.031801 98.319428 0.000000 2.394623 0.032756 
267 -0.022949 0.000000 0.031801 98.328271 0.000000 2.718776 0.032416 
268 0.001709 0.000000 0.007372 98.317405 0.000000 2.419599 0.032783 
269 0.001709 0.000000 0.056230 98.318528 0.000000 2.337208 0.032800 
270 0.051025 0.000000 -0.017057 98.276239 0.000000 1.550833 0.033938 
271 0.026367 0.000000 -0.017057 98.297644 0.000000 2.013251 0.033352 
272 0.051025 0.000000 -0.041486 98.268202 0.000000 1.520232 0.034105 
273 0.075684 0.000000 -0.017057 98.247594 0.000000 1.033766 0.034634 
274 0.038696 0.000000 0.019586 100.161791 0.000000 8.951856 -0.011252 
275 0.026367 0.000000 0.019586 99.614021 0.000000 7.721585 0.001742 
276 0.038696 0.000000 0.007372 100.706722 0.000000 12.142040 -0.028927 
277 0.051025 0.000000 0.019586 100.227068 0.000000 8.276051 -0.011396 
278 0.038696 0.000000 0.031801 98.295436 0.000000 1.777493 0.033485 
279 0.001709 0.000000 -0.017057 98.312502 0.000000 2.410064 0.032884 
280 -0.022949 0.000000 -0.017057 98.321816 0.000000 2.735450 0.032534 
281 0.001709 0.000000 -0.041486 98.304961 0.000000 2.366817 0.033053 
282 0.014038 0.000000 -0.004842 99.118582 0.000000 15.988788 -0.008013 
283 0.001709 0.000000 -0.004842 98.315303 0.000000 2.419164 0.032825 
284 0.014038 0.000000 -0.017057 98.305833 0.000000 2.220347 0.033103 
285 0.026367 0.000000 -0.004842 99.583330 0.000000 11.257677 -0.004357 
286 0.014038 0.000000 0.007372 99.620587 0.000000 19.535581 -0.030590 
287 2.097656 0.000000 0.398235 99.935748 0.000000 5.523915 -0.001767 
288 2.097656 0.000000 0.007372 99.793630 0.000000 5.237657 0.001380 
289 2.492188 0.000000 0.398235 99.897421 0.000000 5.608200 -0.001095 
290 2.097656 0.000000 0.789097 100.028274 0.000000 6.092054 -0.004277 
291 2.097656 0.000000 -0.383490 99.604688 0.000000 5.739589 0.004596 
292 2.097656 0.000000 -0.774353 99.449416 0.000000 6.296492 0.007017 
293 2.492188 0.000000 -0.383490 99.675094 0.000000 5.900363 0.003006 
294 0.149658 0.000000 -0.017057 98.119962 0.000000 -0.677184 0.037201 
295 0.125000 0.000000 -0.017057 98.168582 0.000000 -0.099645 0.036292 
296 0.149658 0.000000 -0.041486 98.114154 0.000000 -0.666276 0.037317 
297 0.248291 0.000000 0.031801 97.922750 0.000000 -2.601832 0.040437 
298 0.272949 0.000000 0.031801 97.879687 0.000000 -2.928251 0.041099 
299 0.248291 0.000000 0.056230 97.931151 0.000000 -2.543647 0.040302 
300 0.100342 0.000000 -0.017057 98.211540 0.000000 0.477421 0.035427 
301 0.100342 0.000000 -0.041486 98.204027 0.000000 0.466256 0.035575 
302 0.014038 0.000000 0.019586 98.312315 0.000000 2.221604 0.032975 
303 0.001709 0.000000 0.019586 98.318784 0.000000 2.411360 0.032760 
304 0.014038 0.000000 0.031801 98.312994 0.000000 2.205806 0.032969 
305 0.038696 0.000000 -0.004842 99.707601 0.000000 8.056292 -0.000651 
306 0.038696 0.000000 -0.017057 98.287813 0.000000 1.789673 0.033630 
307 0.051025 0.000000 -0.004842 99.621596 0.000000 5.295244 0.004750 
1 7 12 10 11 
2 12 2 13 10 
3 1 17 15 16 
4 17 7 11 15 
5 19 21 3 22 
6 20 19 22 9 
7 11 25 23 24 
8 25 10 26 23 
9 28 20 9 30 
10 29 28 30 4 
11 15 33 31 32 
12 33 11 24 31 
13 35 37 19 38 
14 36 35 38 20 
15 24 41 39 40 
16 41 23 42 39 
17 44 36 20 46 
18 45 44 46 28 
19 31 49 47 48 
20 49 24 40 47 
21 51 53 35 54 
22 52 51 54 36 
23 40 57 55 56 
24 57 39 58 55 
25 60 52 36 62 
26 61 60 62 44 
27 47 65 63 64 
28 65 40 56 63 
29 67 69 51 70 
30 68 67 70 52 
31 56 73 71 72 
32 73 55 74 71 
33 76 68 52 78 
34 77 76 78 60 
35 63 81 79 80 
36 81 56 72 79 
37 83 85 67 86 
38 84 83 86 68 
39 72 89 87 88 
40 89 71 90 87 
41 92 84 68 94 
42 93 92 94 76 
43 79 97 95 96 
44 97 72 88 95 
45 99 101 83 102 
46 100 99 102 84 
47 88 105 103 104 
48 105 87 106 103 
49 10 109 108 26 
50 109 13 110 108 
51 108 110 8 111 
52 26 108 111 14 
53 23 113 112 42 
54 113 26 114 112 
55 112 114 14 115 
56 42 112 115 27 
57 39 117 116 58 
58 117 42 118 116 
59 116 118 27 119 
60 55 121 120 74 
61 121 58 122 120 
62 120 122 43 123 
63 74 120 123 59 
64 71 125 124 90 
65 125 74 126 124 
66 124 126 59 127 
67 90 124 127 75 
68 87 129 128 106 
69 129 90 130 128 
70 128 130 75 131 
71 106 128 131 91 
72 132 100 84 134 
73 133 132 134 92 
74 135 137 99 138 
75 136 135 138 100 
76 103 141 139 140 
77 141 106 142 139 
78 139 142 91 143 
79 95 146 144 145 
80 146 88 104 144 
81 104 150 148 149 
82 150 103 140 148 
83 14 111 152 37 
84 111 8 153 152 
85 152 153 21 154 
86 37 152 154 19 
87 27 115 155 53 
88 115 14 156 155 
89 155 156 37 157 
90 53 155 157 35 
91 119 27 159 158 
92 158 159 53 160 
93 69 158 160 51 
94 59 123 161 85 
95 123 43 162 161 
96 161 162 69 163 
97 85 161 163 67 
98 75 127 164 101 
99 127 59 165 164 
100 164 165 85 166 
101 101 164 166 83 
102 91 131 167 137 
103 131 75 168 167 
104 167 168 101 169 
105 137 167 169 99 
106 143 91 172 170 
107 170 172 137 173 
108 171 170 173 135 
109 140 176 174 175 
110 176 139 177 174 
111 174 177 143 178 
112 175 174 178 107 
113 179 136 100 181 
114 180 179 181 132 
115 182 171 135 184 
116 183 182 184 136 
117 187 107 188 185 
118 185 188 171 189 
119 186 185 189 182 
120 190 183 136 193 
121 191 190 193 179 
122 5 196 194 195 
123 196 151 186 194 
124 194 186 182 197 
125 195 194 197 183 
126 148 200 198 199 
127 200 140 175 198 
128 198 175 107 187 
129 199 198 187 151 
130 151 203 201 202 
131 203 187 204 201 
132 201 204 185 205 
133 202 201 205 186 
134 144 208 206 207 
135 208 104 149 206 
136 192 211 209 210 
137 211 5 195 209 
138 209 195 183 212 
139 210 209 212 190 
140 6 215 213 214 
141 215 18 45 213 
142 213 45 28 216 
143 214 213 216 29 
144 18 219 217 218 
145 219 34 61 217 
146 217 61 44 220 
147 218 217 220 45 
148 34 223 221 222 
149 223 50 77 221 
150 221 77 60 224 
151 222 221 224 61 
152 50 227 225 226 
153 227 66 93 225 
154 225 93 76 228 
155 226 225 228 77 
156 66 231 229 230 
157 231 82 133 229 
158 229 133 92 232 
159 230 229 232 93 
160 82 235 233 234 
161 235 98 180 233 
162 233 180 132 236 
163 234 233 236 133 
164 98 239 237 238 
165 237 191 179 240 
166 238 237 240 180 
167 243 192 210 241 
168 241 210 190 244 
169 242 241 244 191 
170 16 247 245 246 
171 247 15 32 245 
172 245 32 18 215 
173 246 245 215 6 
174 32 250 248 249 
175 250 31 48 248 
176 248 48 34 219 
177 249 248 219 18 
178 48 253 251 252 
179 253 47 64 251 
180 251 64 50 223 
181 252 251 223 34 
182 64 256 254 255 
183 256 63 80 254 
184 254 80 66 227 
185 255 254 227 50 
186 80 259 257 258 
187 259 79 96 257 
188 257 96 82 231 
189 258 257 231 66 
190 96 262 260 261 
191 262 95 145 260 
192 260 145 98 235 
193 261 260 235 82 
194 145 265 263 264 
195 265 144 207 263 
196 264 263 239 98 
197 239 268 266 267 
198 266 242 191 269 
199 267 266 269 237 
200 207 272 270 271 
201 272 206 273 270 
202 270 273 192 243 
203 147 276 274 275 
204 276 243 277 274 
205 274 277 241 278 
206 275 274 278 242 
207 263 281 279 280 
208 281 207 271 279 
209 280 279 268 239 
210 279 284 282 283 
211 284 271 285 282 
212 282 285 147 286 
213 283 282 286 268 
214 43 288 287 162 
215 288 119 289 287 
216 287 289 158 290 
217 162 287 290 69 
218 58 292 291 122 
219 292 116 293 291 
220 291 293 119 288 
221 122 291 288 43 
222 149 296 294 295 
223 296 148 199 294 
224 294 199 151 196 
225 295 294 196 5 
226 107 178 297 188 
227 178 143 298 297 
228 297 298 170 299 
229 188 297 299 171 
230 206 301 300 273 
231 301 149 295 300 
232 300 295 5 211 
233 273 300 211 192 
234 268 286 302 303 
235 286 147 275 302 
236 302 275 242 304 
237 303 302 304 266 
238 271 306 305 285 
239 306 270 307 305 
240 305 307 243 276 
241 285 305 276 147 
