2 0.000000 100.000000 1057.418842
307 241 
1 -12.500000 0.000000 -12.500228 99.569613 0.000000 9.152588 0.000212 
2 12.750000 0.000000 -12.500228 99.573016 0.000000 9.092700 0.000254 
3 12.750000 0.000000 12.514972 99.598168 0.000000 9.070429 -0.000207 
4 -12.500000 0.000000 12.514972 99.592961 0.000000 9.151972 -0.000252 
5 0.125000 0.000000 0.007372 100.125070 0.000000 0.404085 -0.002519 
6 -12.500000 0.000000 0.007372 99.581761 0.000000 9.166598 -0.000055 
7 0.125000 0.000000 -12.500228 99.549966 0.000000 9.119921 0.000663 
8 12.750000 0.000000 0.007372 99.751056 0.000000 7.256934 -0.000294 
9 0.125000 0.000000 12.514972 99.616445 0.000000 9.114981 -0.000652 
10 6.437500 0.000000 -6.246428 99.550014 0.000000 8.934732 0.000997 
11 0.125000 0.000000 -6.246428 99.459577 0.000000 9.036710 0.002613 
12 6.437500 0.000000 -12.500228 99.560568 0.000000 9.096812 0.000494 
13 12.750000 0.000000 -6.246428 99.583929 0.000000 8.961034 0.000274 
14 6.437500 0.000000 0.007372 99.804276 0.000000 6.536699 -0.000362 
15 -6.187500 0.000000 -6.246428 99.537606 0.000000 9.159968 0.000836 
16 -12.500000 0.000000 -6.246428 99.569916 0.000000 9.160164 0.000192 
17 -6.187500 0.000000 -12.500228 99.558257 0.000000 9.144795 0.000453 
18 -6.187500 0.000000 0.007372 99.584834 0.000000 9.214472 -0.000205 
19 6.437500 0.000000 6.261172 99.646112 0.000000 8.867080 -0.000797 
20 0.125000 0.000000 6.261172 99.719819 0.000000 9.020499 -0.002541 
21 12.750000 0.000000 6.261172 99.620404 0.000000 8.814533 -0.000192 
22 6.437500 0.000000 12.514972 99.608649 0.000000 9.084783 -0.000442 
23 3.281250 0.000000 -3.119528 99.458436 0.000000 8.469515 0.003629 
24 0.125000 0.000000 -3.119528 99.173590 0.000000 8.806182 0.008705 
25 3.281250 0.000000 -6.246428 99.502879 0.000000 8.949564 0.001908 
26 6.437500 0.000000 -3.119528 99.582647 0.000000 8.529558 0.001054 
27 3.281250 0.000000 0.007372 99.806003 0.000000 5.991087 0.000287 
28 -6.187500 0.000000 6.261172 99.629060 0.000000 9.157853 -0.000982 
29 -12.500000 0.000000 6.261172 99.593264 0.000000 9.159685 -0.000272 
30 -6.187500 0.000000 12.514972 99.605689 0.000000 9.143105 -0.000489 
31 -3.031250 0.000000 -3.119528 99.419320 0.000000 9.189174 0.003136 
32 -6.187500 0.000000 -3.119528 99.539090 0.000000 9.189708 0.000752 
33 -3.031250 0.000000 -6.246428 99.494109 0.000000 9.130561 0.001756 
34 -3.031250 0.000000 0.007372 99.592981 0.000000 9.384434 -0.000683 
35 3.281250 0.000000 3.134272 99.793470 0.000000 8.336039 -0.002823 
36 0.125000 0.000000 3.134272 100.036314 0.000000 8.771496 -0.008420 
37 6.437500 0.000000 3.134272 99.697100 0.000000 8.238392 -0.000738 
38 3.281250 0.000000 6.261172 99.686170 0.000000 8.913179 -0.001678 
39 1.703125 0.000000 -1.556078 99.134411 0.000000 7.574723 0.011499 
40 0.125000 0.000000 -1.556078 98.394229 0.000000 8.413613 0.024779 
41 1.703125 0.000000 -3.119528 99.299866 0.000000 8.535128 0.006669 
42 3.281250 0.000000 -1.556078 99.517357 0.000000 7.688304 0.003719 
43 1.703125 0.000000 0.007372 99.746479 0.000000 5.377077 0.002173 
44 -3.031250 0.000000 3.134272 99.760289 0.000000 9.183007 -0.003644 
45 -6.187500 0.000000 3.134272 99.629521 0.000000 9.188118 -0.001046 
46 -3.031250 0.000000 6.261172 99.677131 0.000000 9.125011 -0.001880 
47 -1.453125 0.000000 -1.556078 99.063974 0.000000 9.328317 0.009931 
48 -3.031250 0.000000 -1.556078 99.430780 0.000000 9.297100 0.002708 
49 -1.453125 0.000000 -3.119528 99.274165 0.000000 9.091914 0.006198 
50 -1.453125 0.000000 0.007372 99.605924 0.000000 9.939951 -0.002014 
51 1.703125 0.000000 1.570822 100.179114 0.000000 7.436270 -0.009115 
52 0.125000 0.000000 1.570822 100.859419 0.000000 8.369188 -0.024267 
53 3.281250 0.000000 1.570822 99.845688 0.000000 7.396922 -0.002388 
54 1.703125 0.000000 3.134272 99.932040 0.000000 8.460465 -0.005799 
55 0.914062 0.000000 -0.774353 98.354680 0.000000 6.344181 0.028611 
56 0.125000 0.000000 -0.774353 96.744220 0.000000 7.980293 0.057687 
57 0.914062 0.000000 -1.556078 98.714742 0.000000 7.761221 0.019516 
58 1.703125 0.000000 -0.774353 99.241108 0.000000 6.565992 0.010809 
59 0.914062 0.000000 0.007372 99.693474 0.000000 4.060418 0.004472 
60 -1.453125 0.000000 1.570822 100.140880 0.000000 9.316406 -0.011499 
61 -3.031250 0.000000 1.570822 99.753304 0.000000 9.292852 -0.003708 
62 -1.453125 0.000000 3.134272 99.917145 0.000000 9.077453 -0.006584 
63 -0.664062 0.000000 -0.774353 98.201112 0.000000 9.837605 0.025976 
64 -1.453125 0.000000 -0.774353 99.121361 0.000000 9.680496 0.008124 
65 -0.664062 0.000000 -1.556078 98.653506 0.000000 9.102556 0.018463 
66 -0.664062 0.000000 0.007372 99.614942 0.000000 11.414622 -0.005343 
67 0.914062 0.000000 0.789097 100.983734 0.000000 6.259375 -0.023689 
68 0.125000 0.000000 0.789097 102.547927 0.000000 7.949299 -0.057927 
69 1.703125 0.000000 0.789097 100.152006 0.000000 6.398896 -0.007137 
70 0.914062 0.000000 1.570822 100.569490 0.000000 7.677878 -0.017317 
71 0.519531 0.000000 -0.383490 96.775135 0.000000 4.518589 0.061416 
72 0.125000 0.000000 -0.383490 98.099132 0.000000 -0.083599 0.037655 
73 0.519531 0.000000 -0.774353 97.431984 0.000000 6.692823 0.046221 
74 0.914062 0.000000 -0.383490 98.594295 0.000000 5.030077 0.025386 
75 0.519531 0.000000 0.007372 97.051474 0.000000 -15.337856 0.034576 
76 -0.664062 0.000000 0.789097 101.035262 0.000000 9.827616 -0.030471 
77 -1.453125 0.000000 0.789097 100.089070 0.000000 9.673940 -0.011141 
78 -0.664062 0.000000 1.570822 100.571788 0.000000 9.080367 -0.019714 
79 -0.269531 0.000000 -0.383490 96.326927 0.000000 11.136620 0.059710 
80 -0.664062 0.000000 -0.383490 98.394694 0.000000 10.746085 0.020301 
81 -0.269531 0.000000 -0.774353 97.273425 0.000000 9.377669 0.044994 
82 -0.269531 0.000000 0.007372 99.559561 0.000000 15.280991 -0.014561 
83 0.519531 0.000000 0.398235 102.551781 0.000000 4.455555 -0.053672 
84 0.125000 0.000000 0.398235 98.145727 0.000000 -0.082242 0.036741 
85 0.914062 0.000000 0.398235 100.773460 0.000000 4.962156 -0.017991 
86 0.519531 0.000000 0.789097 101.882103 0.000000 6.633919 -0.042397 
87 0.322266 0.000000 -0.188059 97.878404 0.000000 -2.537820 0.041338 
88 0.125000 0.000000 -0.188059 98.132464 0.000000 -0.084353 0.037001 
89 0.322266 0.000000 -0.383490 96.342528 0.000000 -18.652554 0.037020 
90 0.519531 0.000000 -0.188059 96.235801 0.000000 -18.963315 0.037906 
91 0.322266 0.000000 0.007372 97.814346 0.000000 -3.382287 0.042091 
92 -0.269531 0.000000 0.398235 102.925113 0.000000 11.152872 -0.071797 
93 -0.664062 0.000000 0.398235 100.839395 0.000000 10.744624 -0.028403 
94 -0.269531 0.000000 0.789097 101.986360 0.000000 9.364566 -0.048891 
95 -0.072266 0.000000 -0.188059 98.287321 0.000000 2.361880 0.033402 
96 -0.269531 0.000000 -0.188059 99.286432 0.000000 18.599934 -0.020375 
97 -0.072266 0.000000 -0.383490 99.337123 0.000000 18.332554 -0.020395 
98 -0.072266 0.000000 0.007372 98.362950 0.000000 3.200592 0.031449 
99 0.322266 0.000000 0.202803 97.923984 0.000000 -2.462257 0.040483 
100 0.125000 0.000000 0.202803 98.180019 0.000000 -0.082946 0.036068 
101 0.519531 0.000000 0.202803 96.272336 0.000000 -18.863757 0.037580 
102 0.322266 0.000000 0.398235 96.905433 0.000000 -16.418361 0.033977 
103 0.223633 0.000000 -0.090344 97.972003 0.000000 -2.015163 0.039743 
104 0.125000 0.000000 -0.090344 98.163663 0.000000 -0.084483 0.036389 
105 0.223633 0.000000 -0.188059 97.991194 0.000000 -1.569870 0.039526 
106 0.322266 0.000000 -0.090344 97.827431 0.000000 -3.133679 0.041997 
107 0.223633 0.000000 0.007372 97.872350 0.000000 -15.938772 0.016696 
108 9.593750 0.000000 -3.119528 99.608783 0.000000 8.609346 0.000397 
109 9.593750 0.000000 -6.246428 99.573798 0.000000 8.945715 0.000503 
110 12.750000 0.000000 -3.119528 99.614097 0.000000 8.671280 0.000184 
111 9.593750 0.000000 0.007372 99.776857 0.000000 6.943608 -0.000363 
112 4.859375 0.000000 -1.556078 99.617218 0.000000 7.821719 0.001523 
113 4.859375 0.000000 -3.119528 99.540978 0.000000 8.488544 0.001954 
114 6.437500 0.000000 -1.556078 99.648964 0.000000 7.931160 0.000718 
115 4.859375 0.000000 0.007372 99.812472 0.000000 6.297210 -0.000218 
116 2.492188 0.000000 -0.774353 99.521519 0.000000 6.819334 0.004896 
117 2.492188 0.000000 -1.556078 99.390993 0.000000 7.614514 0.006345 
118 3.281250 0.000000 -0.774353 99.626574 0.000000 6.994777 0.002562 
119 2.492188 0.000000 0.007372 99.788410 0.000000 5.778158 0.000889 
120 1.308594 0.000000 -0.383490 99.199391 0.000000 5.564983 0.012851 
121 1.308594 0.000000 -0.774353 98.925702 0.000000 6.413501 0.017257 
122 1.703125 0.000000 -0.383490 99.446675 0.000000 5.900993 0.007554 
123 1.308594 0.000000 0.007372 99.724592 0.000000 4.961126 0.003039 
124 0.716797 0.000000 -0.188059 98.530085 0.000000 3.641939 0.027856 
125 0.716797 0.000000 -0.383490 97.940093 0.000000 4.700821 0.038564 
126 0.914062 0.000000 -0.188059 99.042915 0.000000 4.369191 0.017141 
127 0.716797 0.000000 0.007372 99.669319 0.000000 3.111474 0.005635 
128 0.420898 0.000000 -0.090344 97.778671 0.000000 -3.404784 0.042774 
129 0.420898 0.000000 -0.188059 97.658520 0.000000 -11.714427 0.032559 
130 0.519531 0.000000 -0.090344 96.680997 0.000000 -17.127816 0.035942 
131 0.420898 0.000000 0.007372 97.765418 0.000000 -3.598743 0.042897 
132 -0.072266 0.000000 0.202803 98.319348 0.000000 2.289688 0.032806 
133 -0.269531 0.000000 0.202803 99.304202 0.000000 18.518502 -0.020426 
134 -0.072266 0.000000 0.398235 99.551949 0.000000 16.336247 -0.017746 
135 0.223633 0.000000 0.105088 98.006681 0.000000 -1.968974 0.039081 
136 0.125000 0.000000 0.105088 98.195848 0.000000 -0.083517 0.035757 
137 0.322266 0.000000 0.105088 97.858188 0.000000 -3.073633 0.041433 
138 0.223633 0.000000 0.202803 98.041304 0.000000 -1.515880 0.038560 
139 0.272949 0.000000 -0.041486 97.877918 0.000000 -2.884106 0.041160 
140 0.223633 0.000000 -0.041486 97.969698 0.000000 -2.165761 0.039725 
141 0.272949 0.000000 -0.090344 97.887832 0.000000 -2.697952 0.041069 
142 0.322266 0.000000 -0.041486 97.813631 0.000000 -3.324887 0.042144 
143 0.272949 0.000000 0.007372 97.880620 0.000000 -2.940607 0.041074 
144 0.026367 0.000000 -0.090344 98.293280 0.000000 1.841337 0.033504 
145 -0.072266 0.000000 -0.090344 98.335177 0.000000 2.953259 0.032147 
146 0.026367 0.000000 -0.188059 98.238746 0.000000 1.398372 0.034719 
147 0.026367 0.000000 0.007372 100.388276 0.000000 15.161789 -0.030769 
148 0.174316 0.000000 -0.041486 98.076679 0.000000 -1.198343 0.037953 
149 0.125000 0.000000 -0.041486 98.179681 0.000000 -0.084365 0.036074 
150 0.174316 0.000000 -0.090344 98.069332 0.000000 -1.113786 0.038117 
151 0.174316 0.000000 0.007372 99.581122 0.000000 -5.497253 0.005338 
152 9.593750 0.000000 3.134272 99.684250 0.000000 8.135814 -0.000314 
153 12.750000 0.000000 3.134272 99.690411 0.000000 7.999441 -0.000217 
154 9.593750 0.000000 6.261172 99.627172 0.000000 8.840480 -0.000373 
155 4.859375 0.000000 1.570822 99.780734 0.000000 7.340558 -0.001008 
156 6.437500 0.000000 1.570822 99.769715 0.000000 7.243134 -0.000646 
157 4.859375 0.000000 3.134272 99.727278 0.000000 8.281166 -0.001411 
158 2.492188 0.000000 0.789097 99.918762 0.000000 6.534214 -0.002645 
159 3.281250 0.000000 0.789097 99.850724 0.000000 6.565541 -0.001327 
160 2.492188 0.000000 1.570822 99.948734 0.000000 7.405754 -0.004459 
161 1.308594 0.000000 0.398235 100.213677 0.000000 5.455218 -0.007254 
162 1.703125 0.000000 0.398235 100.001925 0.000000 5.739266 -0.003332 
163 1.308594 0.000000 0.789097 100.440902 0.000000 6.292784 -0.012797 
164 0.716797 0.000000 0.202803 100.811785 0.000000 3.603522 -0.017600 
165 0.914062 0.000000 0.202803 100.337854 0.000000 4.326174 -0.008640 
166 0.716797 0.000000 0.398235 101.403107 0.000000 4.641829 -0.030414 
167 0.420898 0.000000 0.105088 97.876919 0.000000 -4.839795 0.039669 
168 0.519531 0.000000 0.105088 96.703529 0.000000 -17.062513 0.035730 
169 0.420898 0.000000 0.202803 97.705511 0.000000 -11.561521 0.031996 
170 0.272949 0.000000 0.056230 97.896435 0.000000 -2.850534 0.040816 
171 0.223633 0.000000 0.056230 97.988887 0.000000 -2.138591 0.039360 
172 0.322266 0.000000 0.056230 97.830497 0.000000 -3.290422 0.041837 
173 0.272949 0.000000 0.105088 97.921357 0.000000 -2.640327 0.040444 
174 0.248291 0.000000 -0.017057 97.921521 0.000000 -2.602980 0.040460 
175 0.223633 0.000000 -0.017057 97.971534 0.000000 -2.203677 0.039672 
176 0.248291 0.000000 -0.041486 97.920890 0.000000 -2.559685 0.040495 
177 0.272949 0.000000 -0.017057 97.877545 0.000000 -2.930650 0.041140 
178 0.248291 0.000000 0.007372 97.925024 0.000000 -2.612268 0.040387 
179 0.026367 0.000000 0.105088 98.319676 0.000000 1.797480 0.033001 
180 -0.072266 0.000000 0.105088 98.355146 0.000000 2.895795 0.031788 
181 0.026367 0.000000 0.202803 98.279228 0.000000 1.347517 0.033938 
182 0.174316 0.000000 0.056230 98.095492 0.000000 -1.182919 0.037588 
183 0.125000 0.000000 0.056230 98.197339 0.000000 -0.083832 0.035728 
184 0.174316 0.000000 0.105088 98.103433 0.000000 -1.087659 0.037453 
185 0.198975 0.000000 0.031801 98.035407 0.000000 -1.727407 0.038608 
186 0.174316 0.000000 0.031801 99.159422 0.000000 -3.051526 0.015810 
187 0.198975 0.000000 0.007372 98.989898 0.000000 -9.193165 0.011649 
188 0.223633 0.000000 0.031801 97.981391 0.000000 -2.189496 0.039485 
189 0.198975 0.000000 0.056230 98.041546 0.000000 -1.686464 0.038501 
190 0.075684 0.000000 0.056230 98.277953 0.000000 1.013681 0.034042 
191 0.026367 0.000000 0.056230 98.330076 0.000000 1.965517 0.032733 
192 0.075684 0.000000 0.007372 100.382058 0.000000 5.635676 -0.010832 
193 0.075684 0.000000 0.105088 98.270093 0.000000 0.919342 0.034214 
194 0.149658 0.000000 0.031801 99.705115 0.000000 -2.174411 0.005416 
195 0.125000 0.000000 0.031801 99.898986 0.000000 0.392154 0.002004 
196 0.149658 0.000000 0.007372 99.926928 0.000000 -2.394994 0.000887 
197 0.149658 0.000000 0.056230 98.148204 0.000000 -0.642790 0.036652 
198 0.198975 0.000000 -0.017057 98.025588 0.000000 -1.738827 0.038796 
199 0.174316 0.000000 -0.017057 98.081178 0.000000 -1.219688 0.037859 
200 0.198975 0.000000 -0.041486 98.022426 0.000000 -1.708330 0.038869 
201 0.186646 0.000000 0.019586 99.491682 0.000000 -6.646054 0.005724 
202 0.174316 0.000000 0.019586 99.595084 0.000000 -5.414393 0.005150 
203 0.186646 0.000000 0.007372 99.555676 0.000000 -7.206234 0.003674 
204 0.198975 0.000000 0.019586 98.976236 0.000000 -8.545395 0.013068 
205 0.186646 0.000000 0.031801 98.855289 0.000000 -5.045139 0.020218 
206 0.075684 0.000000 -0.041486 98.261876 0.000000 1.027959 0.034355 
207 0.026367 0.000000 -0.041486 98.315766 0.000000 1.991359 0.033004 
208 0.075684 0.000000 -0.090344 98.240613 0.000000 0.943415 0.034789 
209 0.100342 0.000000 0.031801 99.557724 0.000000 1.553262 0.008585 
210 0.075684 0.000000 0.031801 99.569100 0.000000 3.383085 0.007455 
211 0.100342 0.000000 0.007372 100.262703 0.000000 3.016071 -0.006171 
212 0.100342 0.000000 0.056230 98.241007 0.000000 0.474716 0.034848 
213 -9.343750 0.000000 3.134272 99.598793 0.000000 9.172831 -0.000406 
214 -12.500000 0.000000 3.134272 99.589120 0.000000 9.164383 -0.000198 
215 -9.343750 0.000000 0.007372 99.582632 0.000000 9.179244 -0.000096 
216 -9.343750 0.000000 6.261172 99.604398 0.000000 9.161533 -0.000497 
217 -4.609375 0.000000 1.570822 99.650529 0.000000 9.243572 -0.001567 
218 -6.187500 0.000000 1.570822 99.613240 0.000000 9.206051 -0.000755 
219 -4.609375 0.000000 0.007372 99.587468 0.000000 9.267462 -0.000355 
220 -4.609375 0.000000 3.134272 99.670798 0.000000 9.195079 -0.001882 
221 -2.242188 0.000000 0.789097 99.798998 0.000000 9.469911 -0.004952 
222 -3.031250 0.000000 0.789097 99.692483 0.000000 9.355768 -0.002612 
223 -2.242188 0.000000 0.007372 99.597905 0.000000 9.545827 -0.001087 
224 -2.242188 0.000000 1.570822 99.882392 0.000000 9.324511 -0.006344 
225 -1.058594 0.000000 0.398235 100.165257 0.000000 10.197096 -0.013706 
226 -1.453125 0.000000 0.398235 99.900865 0.000000 9.861546 -0.007743 
227 -1.058594 0.000000 0.007372 99.610958 0.000000 10.399412 -0.003049 
228 -1.058594 0.000000 0.789097 100.419171 0.000000 9.793962 -0.017993 
229 -0.466797 0.000000 0.202803 100.961919 0.000000 12.033912 -0.033812 
230 -0.664062 0.000000 0.202803 100.355677 0.000000 11.212964 -0.019699 
231 -0.466797 0.000000 0.007372 99.614254 0.000000 12.531193 -0.008003 
232 -0.466797 0.000000 0.398235 101.588931 0.000000 11.068311 -0.044282 
233 -0.170898 0.000000 0.105088 98.767685 0.000000 4.992640 0.022002 
234 -0.269531 0.000000 0.105088 99.571921 0.000000 15.197739 -0.014554 
235 -0.170898 0.000000 0.007372 98.350595 0.000000 3.416225 0.031549 
236 -0.170898 0.000000 0.202803 99.548991 0.000000 9.910165 -0.000821 
237 -0.022949 0.000000 0.056230 98.356110 0.000000 2.673272 0.031893 
238 -0.072266 0.000000 0.056230 98.363615 0.000000 3.110173 0.031493 
239 -0.022949 0.000000 0.007372 98.355458 0.000000 2.761982 0.031858 
240 -0.022949 0.000000 0.105088 98.346027 0.000000 2.465237 0.032198 
241 0.051025 0.000000 0.031801 99.514528 0.000000 4.896531 0.007288 
242 0.026367 0.000000 0.031801 98.331093 0.000000 2.015793 0.032693 
243 0.051025 0.000000 0.007372 100.424904 0.000000 8.787022 -0.016237 
244 0.051025 0.000000 0.056230 98.307614 0.000000 1.515478 0.033332 
245 -9.343750 0.000000 -3.119528 99.566201 0.000000 9.173421 0.000242 
246 -12.500000 0.000000 -3.119528 99.574305 0.000000 9.164659 0.000097 
247 -9.343750 0.000000 -6.246428 99.559976 0.000000 9.162471 0.000386 
248 -4.609375 0.000000 -1.556078 99.523653 0.000000 9.245356 0.000957 
249 -6.187500 0.000000 -1.556078 99.556136 0.000000 9.206955 0.000381 
250 -4.609375 0.000000 -3.119528 99.501638 0.000000 9.198050 0.001482 
251 -2.242188 0.000000 -0.774353 99.395797 0.000000 9.473741 0.003072 
252 -3.031250 0.000000 -0.774353 99.492902 0.000000 9.358080 0.001359 
253 -2.242188 0.000000 -1.556078 99.310020 0.000000 9.331500 0.005044 
254 -1.058594 0.000000 -0.383490 99.056920 0.000000 10.200715 0.008367 
255 -1.453125 0.000000 -0.383490 99.311600 0.000000 9.861388 0.003996 
256 -1.058594 0.000000 -0.774353 98.802274 0.000000 9.802282 0.014203 
257 -0.466797 0.000000 -0.188059 98.270496 0.000000 12.029112 0.019821 
258 -0.664062 0.000000 -0.188059 98.875545 0.000000 11.212699 0.009790 
259 -0.466797 0.000000 -0.383490 97.651886 0.000000 11.064830 0.034168 
260 -0.170898 0.000000 -0.090344 98.331905 0.000000 3.223308 0.032045 
261 -0.269531 0.000000 -0.090344 99.450425 0.000000 16.952090 -0.017776 
262 -0.170898 0.000000 -0.188059 99.607597 0.000000 11.723251 -0.005911 
263 -0.022949 0.000000 -0.041486 98.343629 0.000000 2.705371 0.032121 
264 -0.072266 0.000000 -0.041486 98.352943 0.000000 3.143159 0.031682 
265 -0.022949 0.000000 -0.090344 98.322856 0.000000 2.520301 0.032626 
266 0.001709 0.000000 0.031801 98.347068 0.000000 2.410784 0.032204 
267 -0.022949 0.000000 0.031801 98.357221 0.000000 2.735090 0.031838 
268 0.001709 0.000000 0.007372 98.345155 0.000000 2.435784 0.032230 
269 0.001709 0.000000 0.056230 98.345935 0.000000 2.353340 0.032254 
270 0.051025 0.000000 -0.017057 98.300539 0.000000 1.566692 0.033455 
271 0.026367 0.000000 -0.017057 98.323782 0.000000 2.029286 0.032832 
272 0.051025 0.000000 -0.041486 98.292407 0.000000 1.536111 0.033624 
273 0.075684 0.000000 -0.017057 98.269857 0.000000 1.049452 0.034193 
274 0.038696 0.000000 0.019586 100.214486 0.000000 8.962253 -0.012327 
275 0.026367 0.000000 0.019586 99.663968 0.000000 7.734468 0.000727 
276 0.038696 0.000000 0.007372 100.774417 0.000000 12.151970 -0.030315 
277 0.051025 0.000000 0.019586 100.274976 0.000000 8.285315 -0.012372 
278 0.038696 0.000000 0.031801 98.320604 0.000000 1.793397 0.032984 
279 0.001709 0.000000 -0.017057 98.340229 0.000000 2.426267 0.032331 
280 -0.022949 0.000000 -0.017057 98.350856 0.000000 2.751804 0.031954 
281 0.001709 0.000000 -0.041486 98.332536 0.000000 2.383029 0.032503 
282 0.014038 0.000000 -0.004842 99.227754 0.000000 16.018251 -0.010273 
283 0.001709 0.000000 -0.004842 98.343058 0.000000 2.435359 0.032271 
284 0.014038 0.000000 -0.017057 98.332800 0.000000 2.236467 0.032566 
285 0.026367 0.000000 -0.004842 99.657699 0.000000 11.275687 -0.005880 
286 0.014038 0.000000 0.007372 99.748287 0.000000 19.565754 -0.033254 
287 2.097656 0.000000 0.398235 99.912351 0.000000 5.896218 -0.001724 
288 2.097656 0.000000 0.007372 99.766928 0.000000 5.620637 0.001497 
289 2.492188 0.000000 0.398235 99.873958 0.000000 5.981019 -0.001058 
290 2.097656 0.000000 0.789097 100.005526 0.000000 6.469866 -0.004296 
291 2.097656 0.000000 -0.383490 99.572141 0.000000 6.131299 0.004780 
292 2.097656 0.000000 -0.774353 99.412191 0.000000 6.691883 0.007243 
293 2.492188 0.000000 -0.383490 99.643920 0.000000 6.296777 0.003144 
294 0.149658 0.000000 -0.017057 98.135629 0.000000 -0.661912 0.036896 
295 0.125000 0.000000 -0.017057 98.186448 0.000000 -0.084260 0.035941 
296 0.149658 0.000000 -0.041486 98.129894 0.000000 -0.650970 0.037010 
297 0.248291 0.000000 0.031801 97.931275 0.000000 -2.586764 0.040277 
298 0.272949 0.000000 0.031801 97.887053 0.000000 -2.913172 0.040964 
299 0.248291 0.000000 0.056230 97.939879 0.000000 -2.528583 0.040139 
300 0.100342 0.000000 -0.017057 98.231633 0.000000 0.492945 0.035030 
301 0.100342 0.000000 -0.041486 98.224105 0.000000 0.481810 0.035179 
302 0.014038 0.000000 0.019586 98.339264 0.000000 2.237695 0.032438 
303 0.001709 0.000000 0.019586 98.346496 0.000000 2.427534 0.032207 
304 0.014038 0.000000 0.031801 98.339875 0.000000 2.221885 0.032433 
305 0.038696 0.000000 -0.004842 99.758971 0.000000 8.068906 -0.001696 
306 0.038696 0.000000 -0.017057 98.313061 0.000000 1.805621 0.033128 
307 0.051025 0.000000 -0.004842 99.656503 0.000000 5.305626 0.004043 
1 7 12 10 11 
2 12 2 13 10 
3 1 17 15 16 
4 17 7 11 15 
5 19 21 3 22 
6 20 19 22 9 
7 11 25 23 24 
8 25 10 26 23 
9 28 20 9 30 
10 29 28 30 4 
11 15 33 31 32 
12 33 11 24 31 
13 35 37 19 38 
14 36 35 38 20 
15 24 41 39 40 
16 41 23 42 39 
17 44 36 20 46 
18 45 44 46 28 
19 31 49 47 48 
20 49 24 40 47 
21 51 53 35 54 
22 52 51 54 36 
23 40 57 55 56 
24 57 39 58 55 
25 60 52 36 62 
26 61 60 62 44 
27 47 65 63 64 
28 65 40 56 63 
29 67 69 51 70 
30 68 67 70 52 
31 56 73 71 72 
32 73 55 74 71 
33 76 68 52 78 
34 77 76 78 60 
35 63 81 79 80 
36 81 56 72 79 
37 83 85 67 86 
38 84 83 86 68 
39 72 89 87 88 
40 89 71 90 87 
41 92 84 68 94 
42 93 92 94 76 
43 79 97 95 96 
44 97 72 88 95 
45 99 101 83 102 
46 100 99 102 84 
47 88 105 103 104 
48 105 87 106 103 
49 10 109 108 26 
50 109 13 110 108 
51 108 110 8 111 
52 26 108 111 14 
53 23 113 112 42 
54 113 26 114 112 
55 112 114 14 115 
56 42 112 115 27 
57 39 117 116 58 
58 117 42 118 116 
59 116 118 27 119 
60 55 121 120 74 
61 121 58 122 120 
62 120 122 43 123 
63 74 120 123 59 
64 71 125 124 90 
65 125 74 126 124 
66 124 126 59 127 
67 90 124 127 75 
68 87 129 128 106 
69 129 90 130 128 
70 128 130 75 131 
71 106 128 131 91 
72 132 100 84 134 
73 133 132 134 92 
74 135 137 99 138 
75 136 135 138 100 
76 103 141 139 140 
77 141 106 142 139 
78 139 142 91 143 
79 95 146 144 145 
80 146 88 104 144 
81 104 150 148 149 
82 150 103 140 148 
83 14 111 152 37 
84 111 8 153 152 
85 152 153 21 154 
86 37 152 154 19 
87 27 115 155 53 
88 115 14 156 155 
89 155 156 37 157 
90 53 155 157 35 
91 119 27 159 158 
92 158 159 53 160 
93 69 158 160 51 
94 59 123 161 85 
95 123 43 162 161 
96 161 162 69 163 
97 85 161 163 67 
98 75 127 164 101 
99 127 59 165 164 
100 164 165 85 166 
101 101 164 166 83 
102 91 131 167 137 
103 131 75 168 167 
104 167 168 101 169 
105 137 167 169 99 
106 143 91 172 170 
107 170 172 137 173 
108 171 170 173 135 
109 140 176 174 175 
110 176 139 177 174 
111 174 177 143 178 
112 175 174 178 107 
113 179 136 100 181 
114 180 179 181 132 
115 182 171 135 184 
116 183 182 184 136 
117 187 107 188 185 
118 185 188 171 189 
119 186 185 189 182 
120 190 183 136 193 
121 191 190 193 179 
122 5 196 194 195 
123 196 151 186 194 
124 194 186 182 197 
125 195 194 197 183 
126 148 200 198 199 
127 200 140 175 198 
128 198 175 107 187 
129 199 198 187 151 
130 151 203 201 202 
131 203 187 204 201 
132 201 204 185 205 
133 202 201 205 186 
134 144 208 206 207 
135 208 104 149 206 
136 192 211 209 210 
137 211 5 195 209 
138 209 195 183 212 
139 210 209 212 190 
140 6 215 213 214 
141 215 18 45 213 
142 213 45 28 216 
143 214 213 216 29 
144 18 219 217 218 
145 219 34 61 217 
146 217 61 44 220 
147 218 217 220 45 
148 34 223 221 222 
149 223 50 77 221 
150 221 77 60 224 
151 222 221 224 61 
152 50 227 225 226 
153 227 66 93 225 
154 225 93 76 228 
155 226 225 228 77 
156 66 231 229 230 
157 231 82 133 229 
158 229 133 92 232 
159 230 229 232 93 
160 82 235 233 234 
161 235 98 180 233 
162 233 180 132 236 
163 234 233 236 133 
164 98 239 237 238 
165 237 191 179 240 
166 238 237 240 180 
167 243 192 210 241 
168 241 210 190 244 
169 242 241 244 191 
170 16 247 245 246 
171 247 15 32 245 
172 245 32 18 215 
173 246 245 215 6 
174 32 250 248 249 
175 250 31 48 248 
176 248 48 34 219 
177 249 248 219 18 
178 48 253 251 252 
179 253 47 64 251 
180 251 64 50 223 
181 252 251 223 34 
182 64 256 254 255 
183 256 63 80 254 
184 254 80 66 227 
185 255 254 227 50 
186 80 259 257 258 
187 259 79 96 257 
188 257 96 82 231 
189 258 257 231 66 
190 96 262 260 261 
191 262 95 145 260 
192 260 145 98 235 
193 261 260 235 82 
194 145 265 263 264 
195 265 144 207 263 
196 264 263 239 98 
197 239 268 266 267 
198 266 242 191 269 
199 267 266 269 237 
200 207 272 270 271 
201 272 206 273 270 
202 270 273 192 243 
203 147 276 274 275 
204 276 243 277 274 
205 274 277 241 278 
206 275 274 278 242 
207 263 281 279 280 
208 281 207 271 279 
209 280 279 268 239 
210 279 284 282 283 
211 284 271 285 282 
212 282 285 147 286 
213 283 282 286 268 
214 43 288 287 162 
215 288 119 289 287 
216 287 289 158 290 
217 162 287 290 69 
218 58 292 291 122 
219 292 116 293 291 
220 291 293 119 288 
221 122 291 288 43 
222 149 296 294 295 
223 296 148 199 294 
224 294 199 151 196 
225 295 294 196 5 
226 107 178 297 188 
227 178 143 298 297 
228 297 298 170 299 
229 188 297 299 171 
230 206 301 300 273 
231 301 149 295 300 
232 300 295 5 211 
233 273 300 211 192 
234 268 286 302 303 
235 286 147 275 302 
236 302 275 242 304 
237 303 302 304 266 
238 271 306 305 285 
239 306 270 307 305 
240 305 307 243 276 
241 285 305 276 147 
