2 0.000000 100.000000 1057.418842
307 241 
1 -12.500000 0.000000 -12.500228 99.715008 0.000000 7.412993 0.000196 
2 12.750000 0.000000 -12.500228 99.717620 0.000000 7.357108 0.000227 
3 12.750000 0.000000 12.514972 99.739818 0.000000 7.340973 -0.000192 
4 -12.500000 0.000000 12.514972 99.736184 0.000000 7.412548 -0.000225 
5 0.125000 0.000000 0.007372 100.085060 0.000000 0.383134 -0.001717 
6 -12.500000 0.000000 0.007372 99.725936 0.000000 7.425756 -0.000040 
7 0.125000 0.000000 -12.500228 99.696873 0.000000 7.382969 0.000603 
8 12.750000 0.000000 0.007372 99.867632 0.000000 5.457764 -0.000333 
9 0.125000 0.000000 12.514972 99.757109 0.000000 7.379401 -0.000594 
10 6.437500 0.000000 -6.246428 99.695076 0.000000 7.209891 0.000891 
11 0.125000 0.000000 -6.246428 99.613743 0.000000 7.305568 0.002373 
12 6.437500 0.000000 -12.500228 99.706347 0.000000 7.361452 0.000445 
13 12.750000 0.000000 -6.246428 99.726168 0.000000 7.230255 0.000241 
14 6.437500 0.000000 0.007372 99.904344 0.000000 4.831550 -0.000422 
15 -6.187500 0.000000 -6.246428 99.685603 0.000000 7.419544 0.000773 
16 -12.500000 0.000000 -6.246428 99.715227 0.000000 7.419877 0.000182 
17 -6.187500 0.000000 -12.500228 99.704588 0.000000 7.405826 0.000415 
18 -6.187500 0.000000 0.007372 99.728120 0.000000 7.469140 -0.000149 
19 6.437500 0.000000 6.261172 99.780467 0.000000 7.161142 -0.000742 
20 0.125000 0.000000 6.261172 99.849803 0.000000 7.294582 -0.002319 
21 12.750000 0.000000 6.261172 99.754917 0.000000 7.124949 -0.000181 
22 6.437500 0.000000 12.514972 99.749682 0.000000 7.352741 -0.000406 
23 3.281250 0.000000 -3.119528 99.607561 0.000000 6.778908 0.003238 
24 0.125000 0.000000 -3.119528 99.351183 0.000000 7.094308 0.007901 
25 3.281250 0.000000 -6.246428 99.652396 0.000000 7.225332 0.001719 
26 6.437500 0.000000 -3.119528 99.720407 0.000000 6.823893 0.000927 
27 3.281250 0.000000 0.007372 99.899372 0.000000 4.401295 0.000074 
28 -6.187500 0.000000 6.261172 99.768532 0.000000 7.418036 -0.000879 
29 -12.500000 0.000000 6.261172 99.736400 0.000000 7.419533 -0.000240 
30 -6.187500 0.000000 12.514972 99.747600 0.000000 7.404606 -0.000441 
31 -3.031250 0.000000 -3.119528 99.577207 0.000000 7.445251 0.002895 
32 -6.187500 0.000000 -3.119528 99.686762 0.000000 7.446556 0.000710 
33 -3.031250 0.000000 -6.246428 99.645721 0.000000 7.392542 0.001608 
34 -3.031250 0.000000 0.007372 99.733767 0.000000 7.622412 -0.000493 
35 3.281250 0.000000 3.134272 99.908369 0.000000 6.683590 -0.002635 
36 0.125000 0.000000 3.134272 100.133829 0.000000 7.070051 -0.007677 
37 6.437500 0.000000 3.134272 99.815943 0.000000 6.613315 -0.000696 
38 3.281250 0.000000 6.261172 99.818004 0.000000 7.199255 -0.001546 
39 1.703125 0.000000 -1.556078 99.304706 0.000000 5.951299 0.010316 
40 0.125000 0.000000 -1.556078 98.633840 0.000000 6.732426 0.022604 
41 1.703125 0.000000 -3.119528 99.464163 0.000000 6.843527 0.006005 
42 3.281250 0.000000 -1.556078 99.653576 0.000000 6.043183 0.003264 
43 1.703125 0.000000 0.007372 99.845827 0.000000 3.872047 0.001582 
44 -3.031250 0.000000 3.134272 99.886126 0.000000 7.440963 -0.003261 
45 -6.187500 0.000000 3.134272 99.768746 0.000000 7.445433 -0.000924 
46 -3.031250 0.000000 6.261172 99.811708 0.000000 7.388592 -0.001697 
47 -1.453125 0.000000 -1.556078 99.251989 0.000000 7.570386 0.009173 
48 -3.031250 0.000000 -1.556078 99.587152 0.000000 7.543048 0.002550 
49 -1.453125 0.000000 -3.119528 99.444543 0.000000 7.356041 0.005667 
50 -1.453125 0.000000 0.007372 99.742224 0.000000 8.126862 -0.001456 
51 1.703125 0.000000 1.570822 100.255164 0.000000 5.854601 -0.008537 
52 0.125000 0.000000 1.570822 100.882046 0.000000 6.702427 -0.022211 
53 3.281250 0.000000 1.570822 99.944347 0.000000 5.833201 -0.002290 
54 1.703125 0.000000 3.134272 100.036906 0.000000 6.790760 -0.005350 
55 0.914062 0.000000 -0.774353 98.580193 0.000000 4.808724 0.025882 
56 0.125000 0.000000 -0.774353 97.113972 0.000000 6.335710 0.052874 
57 0.914062 0.000000 -1.556078 98.922449 0.000000 6.128928 0.017679 
58 1.703125 0.000000 -0.774353 99.393993 0.000000 4.999737 0.009584 
59 0.914062 0.000000 0.007372 99.800765 0.000000 2.663812 0.003271 
60 -1.453125 0.000000 1.570822 100.228747 0.000000 7.562562 -0.010299 
61 -3.031250 0.000000 1.570822 99.879197 0.000000 7.540159 -0.003271 
62 -1.453125 0.000000 3.134272 100.027115 0.000000 7.346006 -0.005939 
63 -0.664062 0.000000 -0.774353 98.462406 0.000000 8.033441 0.024062 
64 -1.453125 0.000000 -0.774353 99.303000 0.000000 7.890672 0.007665 
65 -0.664062 0.000000 -1.556078 98.875429 0.000000 7.364225 0.016942 
66 -0.664062 0.000000 0.007372 99.746061 0.000000 9.464353 -0.003885 
67 0.914062 0.000000 0.789097 100.994657 0.000000 4.753465 -0.022252 
68 0.125000 0.000000 0.789097 102.430211 0.000000 6.316986 -0.053185 
69 1.703125 0.000000 0.789097 100.223788 0.000000 4.887050 -0.006869 
70 0.914062 0.000000 1.570822 100.615492 0.000000 6.071537 -0.016034 
71 0.519531 0.000000 -0.383490 97.105231 0.000000 3.118275 0.056085 
72 0.125000 0.000000 -0.383490 98.015807 0.000000 -0.146810 0.039288 
73 0.519531 0.000000 -0.774353 97.734063 0.000000 5.140825 0.042162 
74 0.914062 0.000000 -0.383490 98.791236 0.000000 3.572307 0.022753 
75 0.519531 0.000000 0.007372 97.210015 0.000000 -15.381320 0.031363 
76 -0.664062 0.000000 0.789097 101.039328 0.000000 8.028996 -0.027341 
77 -1.453125 0.000000 0.789097 100.181051 0.000000 7.886723 -0.009844 
78 -0.664062 0.000000 1.570822 100.619929 0.000000 7.349681 -0.017839 
79 -0.269531 0.000000 -0.383490 96.759123 0.000000 9.221338 0.055264 
80 -0.664062 0.000000 -0.383490 98.639441 0.000000 8.858408 0.019179 
81 -0.269531 0.000000 -0.774353 97.611571 0.000000 7.615700 0.041398 
82 -0.269531 0.000000 0.007372 99.244767 0.000000 15.207247 -0.008078 
83 0.519531 0.000000 0.398235 102.455840 0.000000 3.072717 -0.050664 
84 0.125000 0.000000 0.398235 98.063179 0.000000 -0.144586 0.038359 
85 0.914062 0.000000 0.398235 100.800667 0.000000 3.533797 -0.017326 
86 0.519531 0.000000 0.789097 101.823883 0.000000 5.101602 -0.039413 
87 0.322266 0.000000 -0.188059 97.832166 0.000000 -2.598944 0.042211 
88 0.125000 0.000000 -0.188059 98.049763 0.000000 -0.146922 0.038622 
89 0.322266 0.000000 -0.383490 96.540871 0.000000 -18.702997 0.033006 
90 0.519531 0.000000 -0.188059 96.436982 0.000000 -19.014924 0.033834 
91 0.322266 0.000000 0.007372 97.781137 0.000000 -3.442483 0.042700 
92 -0.269531 0.000000 0.398235 102.750440 0.000000 9.243170 -0.064309 
93 -0.664062 0.000000 0.398235 100.858062 0.000000 8.860369 -0.025085 
94 -0.269531 0.000000 0.789097 101.907836 0.000000 7.610686 -0.044313 
95 -0.072266 0.000000 -0.188059 98.166443 0.000000 2.295972 0.035808 
96 -0.269531 0.000000 -0.188059 98.906780 0.000000 18.511723 -0.012523 
97 -0.072266 0.000000 -0.383490 98.962434 0.000000 18.246090 -0.012648 
98 -0.072266 0.000000 0.007372 98.229259 0.000000 3.133955 0.034119 
99 0.322266 0.000000 0.202803 97.877378 0.000000 -2.522729 0.041365 
100 0.125000 0.000000 0.202803 98.098125 0.000000 -0.144624 0.037674 
101 0.519531 0.000000 0.202803 96.472665 0.000000 -18.914971 0.033525 
102 0.322266 0.000000 0.398235 97.078908 0.000000 -16.462905 0.030466 
103 0.223633 0.000000 -0.090344 97.918803 0.000000 -2.075847 0.040760 
104 0.125000 0.000000 -0.090344 98.081535 0.000000 -0.146453 0.037999 
105 0.223633 0.000000 -0.188059 97.930833 0.000000 -1.631325 0.040689 
106 0.322266 0.000000 -0.090344 97.790264 0.000000 -3.194254 0.042686 
107 0.223633 0.000000 0.007372 98.063635 0.000000 -15.975615 0.012830 
108 9.593750 0.000000 -3.119528 99.745177 0.000000 6.889408 0.000344 
109 9.593750 0.000000 -6.246428 99.716776 0.000000 7.217951 0.000447 
110 12.750000 0.000000 -3.119528 99.751030 0.000000 6.940521 0.000156 
111 9.593750 0.000000 0.007372 99.885932 0.000000 5.181245 -0.000404 
112 4.859375 0.000000 -1.556078 99.744541 0.000000 6.153304 0.001316 
113 4.859375 0.000000 -3.119528 99.682218 0.000000 6.791023 0.001734 
114 6.437500 0.000000 -1.556078 99.774407 0.000000 6.242771 0.000610 
115 4.859375 0.000000 0.007372 99.908010 0.000000 4.640194 -0.000314 
116 2.492188 0.000000 -0.774353 99.650873 0.000000 5.223216 0.004242 
117 2.492188 0.000000 -1.556078 99.538708 0.000000 5.981734 0.005626 
118 3.281250 0.000000 -0.774353 99.746513 0.000000 5.375461 0.002174 
119 2.492188 0.000000 0.007372 99.883251 0.000000 4.227414 0.000547 
120 1.308594 0.000000 -0.383490 99.349689 0.000000 4.057121 0.011318 
121 1.308594 0.000000 -0.774353 99.104733 0.000000 4.865278 0.015458 
122 1.703125 0.000000 -0.383490 99.576880 0.000000 4.359443 0.006544 
123 1.308594 0.000000 0.007372 99.827238 0.000000 3.493048 0.002232 
124 0.716797 0.000000 -0.188059 98.724656 0.000000 2.279081 0.024825 
125 0.716797 0.000000 -0.383490 98.185320 0.000000 3.274554 0.034892 
126 0.914062 0.000000 -0.188059 99.201242 0.000000 2.948272 0.015042 
127 0.716797 0.000000 0.007372 99.779770 0.000000 1.784553 0.004081 
128 0.420898 0.000000 -0.090344 97.745091 0.000000 -3.465589 0.043389 
129 0.420898 0.000000 -0.188059 97.765108 0.000000 -11.754333 0.030382 
130 0.519531 0.000000 -0.090344 96.861363 0.000000 -17.174784 0.032290 
131 0.420898 0.000000 0.007372 97.734860 0.000000 -3.659309 0.043451 
132 -0.072266 0.000000 0.202803 98.200081 0.000000 2.224556 0.035180 
133 -0.269531 0.000000 0.202803 98.925892 0.000000 18.430816 -0.012603 
134 -0.072266 0.000000 0.398235 99.217110 0.000000 16.259757 -0.010841 
135 0.223633 0.000000 0.105088 97.953384 0.000000 -2.029128 0.040102 
136 0.125000 0.000000 0.105088 98.114274 0.000000 -0.144882 0.037357 
137 0.322266 0.000000 0.105088 97.820632 0.000000 -3.133791 0.042130 
138 0.223633 0.000000 0.202803 97.980993 0.000000 -1.576537 0.039724 
139 0.272949 0.000000 -0.041486 97.837557 0.000000 -2.944363 0.041914 
140 0.223633 0.000000 -0.041486 97.919009 0.000000 -2.226106 0.040691 
141 0.272949 0.000000 -0.090344 97.844510 0.000000 -2.758492 0.041884 
142 0.322266 0.000000 -0.041486 97.779430 0.000000 -3.385239 0.042772 
143 0.272949 0.000000 0.007372 97.841276 0.000000 -3.000674 0.041808 
144 0.026367 0.000000 -0.090344 98.181126 0.000000 1.776886 0.035731 
145 -0.072266 0.000000 -0.090344 98.205210 0.000000 2.886738 0.034740 
146 0.026367 0.000000 -0.188059 98.133096 0.000000 1.334020 0.036812 
147 0.026367 0.000000 0.007372 100.007076 0.000000 15.090608 -0.022914 
148 0.174316 0.000000 -0.041486 98.011711 0.000000 -1.259121 0.039212 
149 0.125000 0.000000 -0.041486 98.097844 0.000000 -0.146028 0.037679 
150 0.174316 0.000000 -0.090344 98.002791 0.000000 -1.174919 0.039407 
151 0.174316 0.000000 0.007372 99.627127 0.000000 -5.520187 0.004396 
152 9.593750 0.000000 3.134272 99.799729 0.000000 6.546622 -0.000284 
153 12.750000 0.000000 3.134272 99.800233 0.000000 6.456821 -0.000178 
154 9.593750 0.000000 6.261172 99.762163 0.000000 7.142059 -0.000350 
155 4.859375 0.000000 1.570822 99.879666 0.000000 5.800799 -0.000960 
156 6.437500 0.000000 1.570822 99.864686 0.000000 5.735028 -0.000585 
157 4.859375 0.000000 3.134272 99.845858 0.000000 6.641726 -0.001331 
158 2.492188 0.000000 0.789097 100.005139 0.000000 5.021504 -0.002624 
159 3.281250 0.000000 0.789097 99.938504 0.000000 5.062072 -0.001333 
160 2.492188 0.000000 1.570822 100.041309 0.000000 5.833430 -0.004229 
161 1.308594 0.000000 0.398235 100.279351 0.000000 3.991506 -0.007188 
162 1.703125 0.000000 0.398235 100.081371 0.000000 4.257489 -0.003441 
163 1.308594 0.000000 0.789097 100.491905 0.000000 4.785865 -0.012153 
164 0.716797 0.000000 0.202803 100.840699 0.000000 2.257390 -0.017394 
165 0.914062 0.000000 0.202803 100.397220 0.000000 2.927204 -0.008817 
166 0.716797 0.000000 0.398235 101.386908 0.000000 3.238528 -0.028979 
167 0.420898 0.000000 0.105088 97.860202 0.000000 -4.897918 0.039939 
168 0.519531 0.000000 0.105088 96.883305 0.000000 -17.109238 0.032090 
169 0.420898 0.000000 0.202803 97.810565 0.000000 -11.600938 0.029851 
170 0.272949 0.000000 0.056230 97.855882 0.000000 -2.910533 0.041576 
171 0.223633 0.000000 0.056230 97.938119 0.000000 -2.198648 0.040329 
172 0.322266 0.000000 0.056230 97.796059 0.000000 -3.350550 0.042470 
173 0.272949 0.000000 0.105088 97.877736 0.000000 -2.700392 0.041266 
174 0.248291 0.000000 -0.017057 97.877278 0.000000 -2.663128 0.041295 
175 0.223633 0.000000 -0.017057 97.921526 0.000000 -2.263892 0.040625 
176 0.248291 0.000000 -0.041486 97.875899 0.000000 -2.619954 0.041344 
177 0.272949 0.000000 -0.017057 97.837968 0.000000 -2.990798 0.041879 
178 0.248291 0.000000 0.007372 97.881011 0.000000 -2.672328 0.041217 
179 0.026367 0.000000 0.105088 98.208636 0.000000 1.733637 0.035206 
180 -0.072266 0.000000 0.105088 98.226363 0.000000 2.829787 0.034357 
181 0.026367 0.000000 0.202803 98.175037 0.000000 1.284052 0.036001 
182 0.174316 0.000000 0.056230 98.030622 0.000000 -1.243382 0.038845 
183 0.125000 0.000000 0.056230 98.115807 0.000000 -0.145163 0.037327 
184 0.174316 0.000000 0.105088 98.037096 0.000000 -1.148217 0.038741 
185 0.198975 0.000000 0.031801 97.978592 0.000000 -1.787623 0.039700 
186 0.174316 0.000000 0.031801 99.152198 0.000000 -3.087223 0.015931 
187 0.198975 0.000000 0.007372 99.088767 0.000000 -9.221159 0.009639 
188 0.223633 0.000000 0.031801 97.931340 0.000000 -2.249563 0.040439 
189 0.198975 0.000000 0.056230 97.984156 0.000000 -1.746670 0.039605 
190 0.075684 0.000000 0.056230 98.179370 0.000000 0.951069 0.035991 
191 0.026367 0.000000 0.056230 98.216405 0.000000 1.901443 0.034992 
192 0.075684 0.000000 0.007372 100.250756 0.000000 5.610645 -0.008169 
193 0.075684 0.000000 0.105088 98.172950 0.000000 0.856818 0.036134 
194 0.149658 0.000000 0.031801 99.696738 0.000000 -2.200396 0.005572 
195 0.125000 0.000000 0.031801 99.853378 0.000000 0.366409 0.002917 
196 0.149658 0.000000 0.007372 99.927803 0.000000 -2.416009 0.000860 
197 0.149658 0.000000 0.056230 98.075201 0.000000 -0.703627 0.038076 
198 0.198975 0.000000 -0.017057 97.968774 0.000000 -1.799199 0.039888 
199 0.174316 0.000000 -0.017057 98.016659 0.000000 -1.280325 0.039110 
200 0.198975 0.000000 -0.041486 97.965032 0.000000 -1.768838 0.039972 
201 0.186646 0.000000 0.019586 99.556069 0.000000 -6.668742 0.004412 
202 0.174316 0.000000 0.019586 99.639931 0.000000 -5.437191 0.004232 
203 0.186646 0.000000 0.007372 99.631516 0.000000 -7.226670 0.002134 
204 0.198975 0.000000 0.019586 99.063130 0.000000 -8.574829 0.011297 
205 0.186646 0.000000 0.031801 98.876544 0.000000 -5.083390 0.019759 
206 0.075684 0.000000 -0.041486 98.162795 0.000000 0.965006 0.036313 
207 0.026367 0.000000 -0.041486 98.201460 0.000000 1.926950 0.035276 
208 0.075684 0.000000 -0.090344 98.142590 0.000000 0.880273 0.036726 
209 0.100342 0.000000 0.031801 99.484400 0.000000 1.518354 0.010055 
210 0.075684 0.000000 0.031801 99.462398 0.000000 3.345100 0.009604 
211 0.100342 0.000000 0.007372 100.181928 0.000000 2.994197 -0.004538 
212 0.100342 0.000000 0.056230 98.150847 0.000000 0.412786 0.036624 
213 -9.343750 0.000000 3.134272 99.741239 0.000000 7.431466 -0.000354 
214 -12.500000 0.000000 3.134272 99.732619 0.000000 7.423774 -0.000171 
215 -9.343750 0.000000 0.007372 99.726559 0.000000 7.437223 -0.000070 
216 -9.343750 0.000000 6.261172 99.746384 0.000000 7.421254 -0.000442 
217 -4.609375 0.000000 1.570822 99.787246 0.000000 7.495737 -0.001368 
218 -6.187500 0.000000 1.570822 99.753902 0.000000 7.461602 -0.000652 
219 -4.609375 0.000000 0.007372 99.729964 0.000000 7.517088 -0.000257 
220 -4.609375 0.000000 3.134272 99.805798 0.000000 7.451832 -0.001673 
221 -2.242188 0.000000 0.789097 99.919303 0.000000 7.700309 -0.004316 
222 -3.031250 0.000000 0.789097 99.823893 0.000000 7.596768 -0.002252 
223 -2.242188 0.000000 0.007372 99.737054 0.000000 7.768482 -0.000783 
224 -2.242188 0.000000 1.570822 99.995223 0.000000 7.568994 -0.005633 
225 -1.058594 0.000000 0.398235 100.248403 0.000000 8.361577 -0.011966 
226 -1.453125 0.000000 0.398235 100.009889 0.000000 8.056280 -0.006688 
227 -1.058594 0.000000 0.007372 99.745091 0.000000 8.543864 -0.002208 
228 -1.058594 0.000000 0.789097 100.479857 0.000000 7.996573 -0.016015 
229 -0.466797 0.000000 0.202803 100.963807 0.000000 10.029115 -0.029427 
230 -0.664062 0.000000 0.202803 100.417784 0.000000 9.283262 -0.016991 
231 -0.466797 0.000000 0.007372 99.743216 0.000000 10.474908 -0.005843 
232 -0.466797 0.000000 0.398235 101.536950 0.000000 9.157391 -0.039361 
233 -0.170898 0.000000 0.105088 98.612505 0.000000 4.928330 0.025129 
234 -0.269531 0.000000 0.105088 99.258659 0.000000 15.124453 -0.008103 
235 -0.170898 0.000000 0.007372 98.213187 0.000000 3.348798 0.034296 
236 -0.170898 0.000000 0.202803 99.327117 0.000000 9.848635 0.003713 
237 -0.022949 0.000000 0.056230 98.231043 0.000000 2.607863 0.034386 
238 -0.072266 0.000000 0.056230 98.231414 0.000000 3.043778 0.034132 
239 -0.022949 0.000000 0.007372 98.228923 0.000000 2.696336 0.034381 
240 -0.022949 0.000000 0.105088 98.224258 0.000000 2.400169 0.034623 
241 0.051025 0.000000 0.031801 99.369240 0.000000 4.852228 0.010221 
242 0.026367 0.000000 0.031801 98.216604 0.000000 1.951610 0.034969 
243 0.051025 0.000000 0.007372 100.215852 0.000000 8.751097 -0.011980 
244 0.051025 0.000000 0.056230 98.201110 0.000000 1.452138 0.035443 
245 -9.343750 0.000000 -3.119528 99.711688 0.000000 7.431887 0.000235 
246 -12.500000 0.000000 -3.119528 99.719184 0.000000 7.423972 0.000097 
247 -9.343750 0.000000 -6.246428 99.706103 0.000000 7.421926 0.000361 
248 -4.609375 0.000000 -1.556078 99.672170 0.000000 7.496978 0.000925 
249 -6.187500 0.000000 -1.556078 99.702137 0.000000 7.462238 0.000380 
250 -4.609375 0.000000 -3.119528 99.652424 0.000000 7.453917 0.001383 
251 -2.242188 0.000000 -0.774353 99.554224 0.000000 7.702800 0.002962 
252 -3.031250 0.000000 -0.774353 99.643274 0.000000 7.598321 0.001348 
253 -2.242188 0.000000 -1.556078 99.476902 0.000000 7.573675 0.004699 
254 -1.058594 0.000000 -0.383490 99.242532 0.000000 8.363076 0.008098 
255 -1.453125 0.000000 -0.383490 99.475335 0.000000 8.055152 0.003977 
256 -1.058594 0.000000 -0.774353 99.011545 0.000000 8.001123 0.013270 
257 -0.466797 0.000000 -0.188059 98.527562 0.000000 10.021359 0.019189 
258 -0.664062 0.000000 -0.188059 99.076044 0.000000 9.281078 0.009780 
259 -0.466797 0.000000 -0.383490 97.964239 0.000000 9.149420 0.031930 
260 -0.170898 0.000000 -0.090344 98.197440 0.000000 3.156029 0.034730 
261 -0.269531 0.000000 -0.090344 99.104013 0.000000 16.871908 -0.010627 
262 -0.170898 0.000000 -0.188059 99.355774 0.000000 11.658811 -0.000750 
263 -0.022949 0.000000 -0.041486 98.217874 0.000000 2.639649 0.034628 
264 -0.072266 0.000000 -0.041486 98.220077 0.000000 3.076484 0.034335 
265 -0.022949 0.000000 -0.090344 98.199874 0.000000 2.454662 0.035076 
266 0.001709 0.000000 0.031801 98.226240 0.000000 2.345884 0.034610 
267 -0.022949 0.000000 0.031801 98.231151 0.000000 2.669545 0.034351 
268 0.001709 0.000000 0.007372 98.223888 0.000000 2.370785 0.034645 
269 0.001709 0.000000 0.056230 98.226039 0.000000 2.288565 0.034641 
270 0.051025 0.000000 -0.017057 98.193077 0.000000 1.503089 0.035586 
271 0.026367 0.000000 -0.017057 98.208965 0.000000 1.964932 0.035114 
272 0.051025 0.000000 -0.041486 98.185328 0.000000 1.472432 0.035747 
273 0.075684 0.000000 -0.017057 98.170549 0.000000 0.986596 0.036157 
274 0.038696 0.000000 0.019586 99.993231 0.000000 8.919728 -0.007821 
275 0.026367 0.000000 0.019586 99.453764 0.000000 7.682127 0.004993 
276 0.038696 0.000000 0.007372 100.493098 0.000000 12.110981 -0.024554 
277 0.051025 0.000000 0.019586 100.072861 0.000000 8.247392 -0.008260 
278 0.038696 0.000000 0.031801 98.209666 0.000000 1.729589 0.035187 
279 0.001709 0.000000 -0.017057 98.219052 0.000000 2.361200 0.034744 
280 -0.022949 0.000000 -0.017057 98.224430 0.000000 2.686098 0.034475 
281 0.001709 0.000000 -0.041486 98.211968 0.000000 2.317928 0.034904 
282 0.014038 0.000000 -0.004842 98.780710 0.000000 15.898726 -0.001040 
283 0.001709 0.000000 -0.004842 98.221770 0.000000 2.370322 0.034687 
284 0.014038 0.000000 -0.017057 98.214669 0.000000 2.171749 0.034916 
285 0.026367 0.000000 -0.004842 99.349813 0.000000 11.202467 0.000412 
286 0.014038 0.000000 0.007372 99.227075 0.000000 19.443020 -0.022404 
287 2.097656 0.000000 0.398235 99.996570 0.000000 4.406247 -0.001873 
288 2.097656 0.000000 0.007372 99.863721 0.000000 4.090225 0.001051 
289 2.492188 0.000000 0.398235 99.958651 0.000000 4.489171 -0.001188 
290 2.097656 0.000000 0.789097 100.087002 0.000000 4.956996 -0.004198 
291 2.097656 0.000000 -0.383490 99.692043 0.000000 4.564587 0.004066 
292 2.097656 0.000000 -0.774353 99.550734 0.000000 5.110533 0.006353 
293 2.492188 0.000000 -0.383490 99.758291 0.000000 4.711271 0.002609 
294 0.149658 0.000000 -0.017057 98.062719 0.000000 -0.722936 0.038318 
295 0.125000 0.000000 -0.017057 98.104733 0.000000 -0.145794 0.037544 
296 0.149658 0.000000 -0.041486 98.056691 0.000000 -0.712132 0.038438 
297 0.248291 0.000000 0.031801 97.886955 0.000000 -2.646772 0.041114 
298 0.272949 0.000000 0.031801 97.847374 0.000000 -2.973188 0.041705 
299 0.248291 0.000000 0.056230 97.894744 0.000000 -2.588577 0.040992 
300 0.100342 0.000000 -0.017057 98.141010 0.000000 0.430792 0.036816 
301 0.100342 0.000000 -0.041486 98.133538 0.000000 0.419541 0.036963 
302 0.014038 0.000000 0.019586 98.221203 0.000000 2.173095 0.034787 
303 0.001709 0.000000 0.019586 98.225383 0.000000 2.362581 0.034619 
304 0.014038 0.000000 0.031801 98.222084 0.000000 2.157336 0.034777 
305 0.038696 0.000000 -0.004842 99.543065 0.000000 8.017604 0.002690 
306 0.038696 0.000000 -0.017057 98.201807 0.000000 1.741639 0.035337 
307 0.051025 0.000000 -0.004842 99.506462 0.000000 5.263544 0.007076 
1 7 12 10 11 
2 12 2 13 10 
3 1 17 15 16 
4 17 7 11 15 
5 19 21 3 22 
6 20 19 22 9 
7 11 25 23 24 
8 25 10 26 23 
9 28 20 9 30 
10 29 28 30 4 
11 15 33 31 32 
12 33 11 24 31 
13 35 37 19 38 
14 36 35 38 20 
15 24 41 39 40 
16 41 23 42 39 
17 44 36 20 46 
18 45 44 46 28 
19 31 49 47 48 
20 49 24 40 47 
21 51 53 35 54 
22 52 51 54 36 
23 40 57 55 56 
24 57 39 58 55 
25 60 52 36 62 
26 61 60 62 44 
27 47 65 63 64 
28 65 40 56 63 
29 67 69 51 70 
30 68 67 70 52 
31 56 73 71 72 
32 73 55 74 71 
33 76 68 52 78 
34 77 76 78 60 
35 63 81 79 80 
36 81 56 72 79 
37 83 85 67 86 
38 84 83 86 68 
39 72 89 87 88 
40 89 71 90 87 
41 92 84 68 94 
42 93 92 94 76 
43 79 97 95 96 
44 97 72 88 95 
45 99 101 83 102 
46 100 99 102 84 
47 88 105 103 104 
48 105 87 106 103 
49 10 109 108 26 
50 109 13 110 108 
51 108 110 8 111 
52 26 108 111 14 
53 23 113 112 42 
54 113 26 114 112 
55 112 114 14 115 
56 42 112 115 27 
57 39 117 116 58 
58 117 42 118 116 
59 116 118 27 119 
60 55 121 120 74 
61 121 58 122 120 
62 120 122 43 123 
63 74 120 123 59 
64 71 125 124 90 
65 125 74 126 124 
66 124 126 59 127 
67 90 124 127 75 
68 87 129 128 106 
69 129 90 130 128 
70 128 130 75 131 
71 106 128 131 91 
72 132 100 84 134 
73 133 132 134 92 
74 135 137 99 138 
75 136 135 138 100 
76 103 141 139 140 
77 141 106 142 139 
78 139 142 91 143 
79 95 146 144 145 
80 146 88 104 144 
81 104 150 148 149 
82 150 103 140 148 
83 14 111 152 37 
84 111 8 153 152 
85 152 153 21 154 
86 37 152 154 19 
87 27 115 155 53 
88 115 14 156 155 
89 155 156 37 157 
90 53 155 157 35 
91 119 27 159 158 
92 158 159 53 160 
93 69 158 160 51 
94 59 123 161 85 
95 123 43 162 161 
96 161 162 69 163 
97 85 161 163 67 
98 75 127 164 101 
99 127 59 165 164 
100 164 165 85 166 
101 101 164 166 83 
102 91 131 167 137 
103 131 75 168 167 
104 167 168 101 169 
105 137 167 169 99 
106 143 91 172 170 
107 170 172 137 173 
108 171 170 173 135 
109 140 176 174 175 
110 176 139 177 174 
111 174 177 143 178 
112 175 174 178 107 
113 179 136 100 181 
114 180 179 181 132 
115 182 171 135 184 
116 183 182 184 136 
117 187 107 188 185 
118 185 188 171 189 
119 186 185 189 182 
120 190 183 136 193 
121 191 190 193 179 
122 5 196 194 195 
123 196 151 186 194 
124 194 186 182 197 
125 195 194 197 183 
126 148 200 198 199 
127 200 140 175 198 
128 198 175 107 187 
129 199 198 187 151 
130 151 203 201 202 
131 203 187 204 201 
132 201 204 185 205 
133 202 201 205 186 
134 144 208 206 207 
135 208 104 149 206 
136 192 211 209 210 
137 211 5 195 209 
138 209 195 183 212 
139 210 209 212 190 
140 6 215 213 214 
141 215 18 45 213 
142 213 45 28 216 
143 214 213 216 29 
144 18 219 217 218 
145 219 34 61 217 
146 217 61 44 220 
147 218 217 220 45 
148 34 223 221 222 
149 223 50 77 221 
150 221 77 60 224 
151 222 221 224 61 
152 50 227 225 226 
153 227 66 93 225 
154 225 93 76 228 
155 226 225 228 77 
156 66 231 229 230 
157 231 82 133 229 
158 229 133 92 232 
159 230 229 232 93 
160 82 235 233 234 
161 235 98 180 233 
162 233 180 132 236 
163 234 233 236 133 
164 98 239 237 238 
165 237 191 179 240 
166 238 237 240 180 
167 243 192 210 241 
168 241 210 190 244 
169 242 241 244 191 
170 16 247 245 246 
171 247 15 32 245 
172 245 32 18 215 
173 246 245 215 6 
174 32 250 248 249 
175 250 31 48 248 
176 248 48 34 219 
177 249 248 219 18 
178 48 253 251 252 
179 253 47 64 251 
180 251 64 50 223 
181 252 251 223 34 
182 64 256 254 255 
183 256 63 80 254 
184 254 80 66 227 
185 255 254 227 50 
186 80 259 257 258 
187 259 79 96 257 
188 257 96 82 231 
189 258 257 231 66 
190 96 262 260 261 
191 262 95 145 260 
192 260 145 98 235 
193 261 260 235 82 
194 145 265 263 264 
195 265 144 207 263 
196 264 263 239 98 
197 239 268 266 267 
198 266 242 191 269 
199 267 266 269 237 
200 207 272 270 271 
201 272 206 273 270 
202 270 273 192 243 
203 147 276 274 275 
204 276 243 277 274 
205 274 277 241 278 
206 275 274 278 242 
207 263 281 279 280 
208 281 207 271 279 
209 280 279 268 239 
210 279 284 282 283 
211 284 271 285 282 
212 282 285 147 286 
213 283 282 286 268 
214 43 288 287 162 
215 288 119 289 287 
216 287 289 158 290 
217 162 287 290 69 
218 58 292 291 122 
219 292 116 293 291 
220 291 293 119 288 
221 122 291 288 43 
222 149 296 294 295 
223 296 148 199 294 
224 294 199 151 196 
225 295 294 196 5 
226 107 178 297 188 
227 178 143 298 297 
228 297 298 170 299 
229 188 297 299 171 
230 206 301 300 273 
231 301 149 295 300 
232 300 295 5 211 
233 273 300 211 192 
234 268 286 302 303 
235 286 147 275 302 
236 302 275 242 304 
237 303 302 304 266 
238 271 306 305 285 
239 306 270 307 305 
240 305 307 243 276 
241 285 305 276 147 
