2 0.000000 100.000000 1057.418842
307 241 
1 -12.500000 0.000000 -12.500228 99.187965 0.000000 12.622920 0.000241 
2 12.750000 0.000000 -12.500228 99.193070 0.000000 12.555730 0.000309 
3 12.750000 0.000000 12.514972 99.225102 0.000000 12.518377 -0.000233 
4 -12.500000 0.000000 12.514972 99.215653 0.000000 12.621896 -0.000306 
5 0.125000 0.000000 0.007372 100.121433 0.000000 0.445629 -0.002450 
6 -12.500000 0.000000 0.007372 99.202607 0.000000 12.639381 -0.000091 
7 0.125000 0.000000 -12.500228 99.165455 0.000000 12.585211 0.000783 
8 12.750000 0.000000 0.007372 99.421876 0.000000 10.836610 -0.000214 
9 0.125000 0.000000 12.514972 99.244533 0.000000 12.576968 -0.000766 
10 6.437500 0.000000 -6.246428 99.169778 0.000000 12.378065 0.001214 
11 0.125000 0.000000 -6.246428 99.061689 0.000000 12.489542 0.003079 
12 6.437500 0.000000 -12.500228 99.178332 0.000000 12.559179 0.000593 
13 12.750000 0.000000 -6.246428 99.208840 0.000000 12.416715 0.000343 
14 6.437500 0.000000 0.007372 99.515488 0.000000 9.940933 -0.000215 
15 -6.187500 0.000000 -6.246428 99.150998 0.000000 12.632048 0.000951 
16 -12.500000 0.000000 -6.246428 99.188474 0.000000 12.631871 0.000208 
17 -6.187500 0.000000 -12.500228 99.174808 0.000000 12.613944 0.000525 
18 -6.187500 0.000000 0.007372 99.207819 0.000000 12.696215 -0.000339 
19 6.437500 0.000000 6.261172 99.290156 0.000000 12.264320 -0.000895 
20 0.125000 0.000000 6.261172 99.370120 0.000000 12.462550 -0.002974 
21 12.750000 0.000000 6.261172 99.267934 0.000000 12.165583 -0.000212 
22 6.437500 0.000000 12.514972 99.236353 0.000000 12.539117 -0.000508 
23 3.281250 0.000000 -3.119528 99.072077 0.000000 11.848025 0.004435 
24 0.125000 0.000000 -3.119528 98.730064 0.000000 12.223332 0.010296 
25 3.281250 0.000000 -6.246428 99.113912 0.000000 12.390943 0.002290 
26 6.437500 0.000000 -3.119528 99.217885 0.000000 11.940548 0.001323 
27 3.281250 0.000000 0.007372 99.535210 0.000000 9.193966 0.000821 
28 -6.187500 0.000000 6.261172 99.259480 0.000000 12.628475 -0.001192 
29 -12.500000 0.000000 6.261172 99.216161 0.000000 12.631068 -0.000339 
30 -6.187500 0.000000 12.514972 99.231088 0.000000 12.611123 -0.000585 
31 -3.031250 0.000000 -3.119528 99.013723 0.000000 12.668520 0.003579 
32 -6.187500 0.000000 -3.119528 99.153258 0.000000 12.667201 0.000817 
33 -3.031250 0.000000 -6.246428 99.100522 0.000000 12.598056 0.002038 
34 -3.031250 0.000000 0.007372 99.221979 0.000000 12.899486 -0.001140 
35 3.281250 0.000000 3.134272 99.480578 0.000000 11.623036 -0.003148 
36 0.125000 0.000000 3.134272 99.753440 0.000000 12.163585 -0.009870 
37 6.437500 0.000000 3.134272 99.382815 0.000000 11.454093 -0.000814 
38 3.281250 0.000000 6.261172 99.333842 0.000000 12.329651 -0.001923 
39 1.703125 0.000000 -1.556078 98.708970 0.000000 10.820623 0.013945 
40 0.125000 0.000000 -1.556078 97.829461 0.000000 11.770579 0.029085 
41 1.703125 0.000000 -3.119528 98.883331 0.000000 11.913686 0.008015 
42 3.281250 0.000000 -1.556078 99.159340 0.000000 10.981461 0.004683 
43 1.703125 0.000000 0.007372 99.467677 0.000000 8.392773 0.003574 
44 -3.031250 0.000000 3.134272 99.418700 0.000000 12.657829 -0.004430 
45 -6.187500 0.000000 3.134272 99.260547 0.000000 12.664488 -0.001305 
46 -3.031250 0.000000 6.261172 99.317622 0.000000 12.588651 -0.002246 
47 -1.453125 0.000000 -1.556078 98.599883 0.000000 12.836097 0.011330 
48 -3.031250 0.000000 -1.556078 99.028528 0.000000 12.796538 0.002960 
49 -1.453125 0.000000 -3.119528 98.844268 0.000000 12.555745 0.007216 
50 -1.453125 0.000000 0.007372 99.245640 0.000000 13.556852 -0.003349 
51 1.703125 0.000000 1.570822 99.946204 0.000000 10.584794 -0.010128 
52 0.125000 0.000000 1.570822 100.728274 0.000000 11.691973 -0.028289 
53 3.281250 0.000000 1.570822 99.573344 0.000000 10.501236 -0.002513 
54 1.703125 0.000000 3.134272 99.636555 0.000000 11.786531 -0.006637 
55 0.914062 0.000000 -0.774353 97.821106 0.000000 9.413091 0.034242 
56 0.125000 0.000000 -0.774353 95.922121 0.000000 11.264164 0.067207 
57 0.914062 0.000000 -1.556078 98.214389 0.000000 11.022668 0.023243 
58 1.703125 0.000000 -0.774353 98.852576 0.000000 9.698423 0.013411 
59 0.914062 0.000000 0.007372 99.397975 0.000000 6.852683 0.007308 
60 -1.453125 0.000000 1.570822 99.876659 0.000000 12.814397 -0.013956 
61 -3.031250 0.000000 1.570822 99.411886 0.000000 12.789026 -0.004628 
62 -1.453125 0.000000 3.134272 99.608010 0.000000 12.530636 -0.007877 
63 -0.664062 0.000000 -0.774353 97.593040 0.000000 13.437855 0.029502 
64 -1.453125 0.000000 -0.774353 98.670475 0.000000 13.251538 0.008853 
65 -0.664062 0.000000 -1.556078 98.122858 0.000000 12.572037 0.021385 
66 -0.664062 0.000000 0.007372 99.266757 0.000000 15.304928 -0.008813 
67 0.914062 0.000000 0.789097 100.880384 0.000000 9.261837 -0.026263 
68 0.125000 0.000000 0.789097 102.697468 0.000000 11.204678 -0.067231 
69 1.703125 0.000000 0.789097 99.930874 0.000000 9.410596 -0.007474 
70 0.914062 0.000000 1.570822 100.394021 0.000000 10.878403 -0.019730 
71 0.519531 0.000000 -0.383490 96.034072 0.000000 7.317064 0.072392 
72 0.125000 0.000000 -0.383490 98.183831 0.000000 0.042831 0.035993 
73 0.519531 0.000000 -0.774353 96.745450 0.000000 9.793494 0.054441 
74 0.914062 0.000000 -0.383490 98.118677 0.000000 7.944081 0.030962 
75 0.519531 0.000000 0.007372 96.653560 0.000000 -15.238178 0.042589 
76 -0.664062 0.000000 0.789097 100.939959 0.000000 13.414803 -0.036883 
77 -1.453125 0.000000 0.789097 99.816999 0.000000 13.238773 -0.013870 
78 -0.664062 0.000000 1.570822 100.388011 0.000000 12.531608 -0.023479 
79 -0.269531 0.000000 -0.383490 95.379994 0.000000 14.958118 0.067891 
80 -0.664062 0.000000 -0.383490 97.819971 0.000000 14.512253 0.022065 
81 -0.269531 0.000000 -0.774353 96.513242 0.000000 12.894442 0.051893 
82 -0.269531 0.000000 0.007372 100.105733 0.000000 15.415660 -0.025880 
83 0.519531 0.000000 0.398235 102.659792 0.000000 7.215790 -0.059110 
84 0.125000 0.000000 0.398235 98.228835 0.000000 0.042454 0.035109 
85 0.914062 0.000000 0.398235 100.638448 0.000000 7.812789 -0.018914 
86 0.519531 0.000000 0.789097 101.914706 0.000000 9.689758 -0.048050 
87 0.322266 0.000000 -0.188059 97.889151 0.000000 -2.413514 0.041189 
88 0.125000 0.000000 -0.188059 98.215889 0.000000 0.040793 0.035364 
89 0.322266 0.000000 -0.383490 95.865661 0.000000 -18.536159 0.046619 
90 0.519531 0.000000 -0.188059 95.753353 0.000000 -18.844329 0.047619 
91 0.322266 0.000000 0.007372 97.799103 0.000000 -3.259133 0.042471 
92 -0.269531 0.000000 0.398235 103.187126 0.000000 14.961631 -0.087143 
93 -0.664062 0.000000 0.398235 100.715192 0.000000 14.502869 -0.035388 
94 -0.269531 0.000000 0.789097 102.056620 0.000000 12.862357 -0.058099 
95 -0.072266 0.000000 -0.188059 98.446932 0.000000 2.491660 0.030199 
96 -0.269531 0.000000 -0.188059 99.962492 0.000000 18.760752 -0.034447 
97 -0.072266 0.000000 -0.383490 100.003217 0.000000 18.490105 -0.034253 
98 -0.072266 0.000000 0.007372 98.548112 0.000000 3.331130 0.027717 
99 0.322266 0.000000 0.202803 97.935431 0.000000 -2.339320 0.040318 
100 0.125000 0.000000 0.202803 98.261788 0.000000 0.040418 0.034462 
101 0.519531 0.000000 0.202803 95.791560 0.000000 -18.745645 0.047258 
102 0.322266 0.000000 0.398235 96.477798 0.000000 -16.315620 0.042584 
103 0.223633 0.000000 -0.090344 97.996588 0.000000 -1.892175 0.039309 
104 0.125000 0.000000 -0.090344 98.245914 0.000000 0.039466 0.034774 
105 0.223633 0.000000 -0.188059 98.030078 0.000000 -1.445711 0.038801 
106 0.322266 0.000000 -0.090344 97.820089 0.000000 -3.009977 0.042217 
107 0.223633 0.000000 0.007372 97.408340 0.000000 -15.851829 0.026033 
108 9.593750 0.000000 -3.119528 99.245609 0.000000 12.049034 0.000513 
109 9.593750 0.000000 -6.246428 99.197476 0.000000 12.395290 0.000622 
110 12.750000 0.000000 -3.119528 99.249040 0.000000 12.131346 0.000246 
111 9.593750 0.000000 0.007372 99.466415 0.000000 10.449209 -0.000275 
112 4.859375 0.000000 -1.556078 99.275547 0.000000 11.164290 0.001972 
113 4.859375 0.000000 -3.119528 99.169880 0.000000 11.882366 0.002414 
114 6.437500 0.000000 -1.556078 99.309482 0.000000 11.315177 0.000959 
115 4.859375 0.000000 0.007372 99.534293 0.000000 9.624485 0.000029 
116 2.492188 0.000000 -0.774353 99.179651 0.000000 10.013191 0.006313 
117 2.492188 0.000000 -1.556078 99.010475 0.000000 10.881152 0.007853 
118 3.281250 0.000000 -0.774353 99.302830 0.000000 10.236566 0.003416 
119 2.492188 0.000000 0.007372 99.517068 0.000000 8.896032 0.001721 
120 1.308594 0.000000 -0.383490 98.816866 0.000000 8.579737 0.016162 
121 1.308594 0.000000 -0.774353 98.484985 0.000000 9.508955 0.021029 
122 1.703125 0.000000 -0.383490 99.104178 0.000000 8.983709 0.009765 
123 1.308594 0.000000 0.007372 99.439041 0.000000 7.898785 0.004949 
124 0.716797 0.000000 -0.188059 98.059594 0.000000 6.366516 0.034378 
125 0.716797 0.000000 -0.383490 97.368173 0.000000 7.551565 0.046241 
126 0.914062 0.000000 -0.188059 98.644795 0.000000 7.210085 0.021722 
127 0.716797 0.000000 0.007372 99.367000 0.000000 5.764062 0.009297 
128 0.420898 0.000000 -0.090344 97.764198 0.000000 -3.280395 0.043140 
129 0.420898 0.000000 -0.188059 97.363935 0.000000 -11.624886 0.038513 
130 0.519531 0.000000 -0.090344 96.239774 0.000000 -17.019641 0.044824 
131 0.420898 0.000000 0.007372 97.744917 0.000000 -3.474668 0.043386 
132 -0.072266 0.000000 0.202803 98.475712 0.000000 2.417976 0.029669 
133 -0.269531 0.000000 0.202803 99.977564 0.000000 18.678338 -0.034439 
134 -0.072266 0.000000 0.398235 100.138194 0.000000 16.475525 -0.029910 
135 0.223633 0.000000 0.105088 98.031431 0.000000 -1.847085 0.038643 
136 0.125000 0.000000 0.105088 98.276964 0.000000 0.039220 0.034164 
137 0.322266 0.000000 0.105088 97.851596 0.000000 -2.950812 0.041636 
138 0.223633 0.000000 0.202803 98.080047 0.000000 -1.393363 0.037836 
139 0.272949 0.000000 -0.041486 97.876918 0.000000 -2.761244 0.041248 
140 0.223633 0.000000 -0.041486 97.989267 0.000000 -2.043323 0.039393 
141 0.272949 0.000000 -0.090344 97.892743 0.000000 -2.574679 0.041038 
142 0.322266 0.000000 -0.041486 97.800372 0.000000 -3.201470 0.042484 
143 0.272949 0.000000 0.007372 97.877585 0.000000 -2.818081 0.041204 
144 0.026367 0.000000 -0.090344 98.435444 0.000000 1.968639 0.030659 
145 -0.072266 0.000000 -0.090344 98.512918 0.000000 3.083772 0.028570 
146 0.026367 0.000000 -0.188059 98.367955 0.000000 1.525847 0.032142 
147 0.026367 0.000000 0.007372 101.066530 0.000000 15.291430 -0.044827 
148 0.174316 0.000000 -0.041486 98.124700 0.000000 -1.075850 0.037039 
149 0.125000 0.000000 -0.041486 98.261337 0.000000 0.038971 0.034471 
150 0.174316 0.000000 -0.090344 98.120506 0.000000 -0.990652 0.037138 
151 0.174316 0.000000 0.007372 99.406050 0.000000 -5.446821 0.008877 
152 9.593750 0.000000 3.134272 99.384617 0.000000 11.252139 -0.000391 
153 12.750000 0.000000 3.134272 99.412459 0.000000 10.981938 -0.000344 
154 9.593750 0.000000 6.261172 99.271639 0.000000 12.217310 -0.000412 
155 4.859375 0.000000 1.570822 99.514215 0.000000 10.384716 -0.001092 
156 6.437500 0.000000 1.570822 99.517614 0.000000 10.208016 -0.000796 
157 4.859375 0.000000 3.134272 99.410131 0.000000 11.535171 -0.001543 
158 2.492188 0.000000 0.789097 99.672213 0.000000 9.543999 -0.002564 
159 3.281250 0.000000 0.789097 99.605538 0.000000 9.552136 -0.001251 
160 2.492188 0.000000 1.570822 99.685529 0.000000 10.531919 -0.004813 
161 1.308594 0.000000 0.398235 100.003975 0.000000 8.375969 -0.007095 
162 1.703125 0.000000 0.398235 99.766514 0.000000 8.696081 -0.002898 
163 1.308594 0.000000 0.789097 100.259462 0.000000 9.296100 -0.013838 
164 0.716797 0.000000 0.202803 100.672306 0.000000 6.292502 -0.017451 
165 0.914062 0.000000 0.202803 100.138679 0.000000 7.120741 -0.007846 
166 0.716797 0.000000 0.398235 101.353477 0.000000 7.442728 -0.032792 
167 0.420898 0.000000 0.105088 97.828660 0.000000 -4.719569 0.040728 
168 0.519531 0.000000 0.105088 96.263468 0.000000 -16.954877 0.044588 
169 0.420898 0.000000 0.202803 97.413950 0.000000 -11.473084 0.037889 
170 0.272949 0.000000 0.056230 97.895802 0.000000 -2.728217 0.040897 
171 0.223633 0.000000 0.056230 98.008595 0.000000 -2.016755 0.039025 
172 0.322266 0.000000 0.056230 97.817696 0.000000 -3.167481 0.042167 
173 0.272949 0.000000 0.105088 97.926836 0.000000 -2.518055 0.040399 
174 0.248291 0.000000 -0.017057 97.928243 0.000000 -2.480572 0.040391 
175 0.223633 0.000000 -0.017057 97.989740 0.000000 -2.081468 0.039368 
176 0.248291 0.000000 -0.041486 97.929110 0.000000 -2.437072 0.040395 
177 0.272949 0.000000 -0.017057 97.874977 0.000000 -2.807969 0.041260 
178 0.248291 0.000000 0.007372 97.931285 0.000000 -2.490029 0.040326 
179 0.026367 0.000000 0.105088 98.459593 0.000000 1.923605 0.030201 
180 -0.072266 0.000000 0.105088 98.530503 0.000000 3.025328 0.028259 
181 0.026367 0.000000 0.202803 98.405488 0.000000 1.473259 0.031419 
182 0.174316 0.000000 0.056230 98.143300 0.000000 -1.061068 0.036677 
183 0.125000 0.000000 0.056230 98.278369 0.000000 0.038838 0.034136 
184 0.174316 0.000000 0.105088 98.154169 0.000000 -0.965695 0.036483 
185 0.198975 0.000000 0.031801 98.067165 0.000000 -1.605592 0.038025 
186 0.174316 0.000000 0.031801 99.091102 0.000000 -2.977620 0.017209 
187 0.198975 0.000000 0.007372 98.709670 0.000000 -9.129537 0.017305 
188 0.223633 0.000000 0.031801 97.999676 0.000000 -2.067595 0.039179 
189 0.198975 0.000000 0.056230 98.074449 0.000000 -1.564705 0.037895 
190 0.075684 0.000000 0.056230 98.393000 0.000000 1.137998 0.031752 
191 0.026367 0.000000 0.056230 98.475243 0.000000 2.091963 0.029825 
192 0.075684 0.000000 0.007372 100.560656 0.000000 5.681002 -0.014472 
193 0.075684 0.000000 0.105088 98.382271 0.000000 1.043562 0.031984 
194 0.149658 0.000000 0.031801 99.638628 0.000000 -2.120652 0.006765 
195 0.125000 0.000000 0.031801 99.906735 0.000000 0.443291 0.001845 
196 0.149658 0.000000 0.007372 99.841756 0.000000 -2.350987 0.002610 
197 0.149658 0.000000 0.056230 98.212226 0.000000 -0.520640 0.035409 
198 0.198975 0.000000 -0.017057 98.057352 0.000000 -1.616693 0.038214 
199 0.174316 0.000000 -0.017057 98.128299 0.000000 -1.097456 0.036963 
200 0.198975 0.000000 -0.041486 98.055353 0.000000 -1.585947 0.038263 
201 0.186646 0.000000 0.019586 99.279948 0.000000 -6.595155 0.010000 
202 0.174316 0.000000 0.019586 99.422315 0.000000 -5.364303 0.008643 
203 0.186646 0.000000 0.007372 99.320996 0.000000 -7.159368 0.008408 
204 0.198975 0.000000 0.019586 98.719955 0.000000 -8.479427 0.018247 
205 0.186646 0.000000 0.031801 98.730309 0.000000 -4.964463 0.022768 
206 0.075684 0.000000 -0.041486 98.377934 0.000000 1.152945 0.032045 
207 0.026367 0.000000 -0.041486 98.462213 0.000000 2.118452 0.030070 
208 0.075684 0.000000 -0.090344 98.354576 0.000000 1.068850 0.032523 
209 0.100342 0.000000 0.031801 99.621163 0.000000 1.621745 0.007299 
210 0.075684 0.000000 0.031801 99.699240 0.000000 3.456190 0.004812 
211 0.100342 0.000000 0.007372 100.340414 0.000000 3.057276 -0.007755 
212 0.100342 0.000000 0.056230 98.339250 0.000000 0.598120 0.032903 
213 -9.343750 0.000000 3.134272 99.223174 0.000000 12.646625 -0.000518 
214 -12.500000 0.000000 3.134272 99.211310 0.000000 12.636687 -0.000257 
215 -9.343750 0.000000 0.007372 99.204074 0.000000 12.654382 -0.000158 
216 -9.343750 0.000000 6.261172 99.229660 0.000000 12.633143 -0.000612 
217 -4.609375 0.000000 1.570822 99.286897 0.000000 12.730202 -0.001995 
218 -6.187500 0.000000 1.570822 99.241444 0.000000 12.685978 -0.000980 
219 -4.609375 0.000000 0.007372 99.212350 0.000000 12.759267 -0.000589 
220 -4.609375 0.000000 3.134272 99.310485 0.000000 12.672487 -0.002316 
221 -2.242188 0.000000 0.789097 99.469443 0.000000 12.999831 -0.006317 
222 -3.031250 0.000000 0.789097 99.340150 0.000000 12.864640 -0.003396 
223 -2.242188 0.000000 0.007372 99.230837 0.000000 13.091449 -0.001814 
224 -2.242188 0.000000 1.570822 99.567569 0.000000 12.826146 -0.007821 
225 -1.058594 0.000000 0.398235 99.911648 0.000000 13.858348 -0.017439 
226 -1.453125 0.000000 0.398235 99.594923 0.000000 13.462591 -0.010039 
227 -1.058594 0.000000 0.007372 99.255779 0.000000 14.100953 -0.005055 
228 -1.058594 0.000000 0.789097 100.210182 0.000000 13.378913 -0.022108 
229 -0.466797 0.000000 0.202803 100.871747 0.000000 16.032529 -0.043215 
230 -0.664062 0.000000 0.202803 100.144981 0.000000 15.062013 -0.025588 
231 -0.466797 0.000000 0.007372 99.270944 0.000000 16.632730 -0.013137 
232 -0.466797 0.000000 0.398235 101.606000 0.000000 14.879604 -0.054518 
233 -0.170898 0.000000 0.105088 98.995463 0.000000 5.117032 0.017371 
234 -0.269531 0.000000 0.105088 100.115021 0.000000 15.331561 -0.025807 
235 -0.170898 0.000000 0.007372 98.543198 0.000000 3.548163 0.027665 
236 -0.170898 0.000000 0.202803 99.909429 0.000000 10.024899 -0.008239 
237 -0.022949 0.000000 0.056230 98.524035 0.000000 2.801795 0.028516 
238 -0.072266 0.000000 0.056230 98.545797 0.000000 3.240304 0.027823 
239 -0.022949 0.000000 0.007372 98.526321 0.000000 2.890906 0.028421 
240 -0.022949 0.000000 0.105088 98.507371 0.000000 2.593252 0.028957 
241 0.051025 0.000000 0.031801 99.721850 0.000000 4.981001 0.003074 
242 0.026367 0.000000 0.031801 98.477893 0.000000 2.142414 0.029751 
243 0.051025 0.000000 0.007372 100.758901 0.000000 8.851492 -0.023071 
244 0.051025 0.000000 0.056230 98.438472 0.000000 1.640832 0.030717 
245 -9.343750 0.000000 -3.119528 99.184514 0.000000 12.647622 0.000247 
246 -12.500000 0.000000 -3.119528 99.193740 0.000000 12.637151 0.000090 
247 -9.343750 0.000000 -6.246428 99.176975 0.000000 12.634721 0.000429 
248 -4.609375 0.000000 -1.556078 99.136475 0.000000 12.733295 0.000982 
249 -6.187500 0.000000 -1.556078 99.173686 0.000000 12.687529 0.000361 
250 -4.609375 0.000000 -3.119528 99.109814 0.000000 12.677593 0.001652 
251 -2.242188 0.000000 -0.774353 98.990183 0.000000 13.006868 0.003177 
252 -3.031250 0.000000 -0.774353 99.102731 0.000000 12.868775 0.001304 
253 -2.242188 0.000000 -1.556078 98.887320 0.000000 12.838669 0.005647 
254 -1.058594 0.000000 -0.383490 98.599054 0.000000 13.866955 0.008593 
255 -1.453125 0.000000 -0.383490 98.896563 0.000000 13.464901 0.003817 
256 -1.058594 0.000000 -0.774353 98.297014 0.000000 13.396166 0.015824 
257 -0.466797 0.000000 -0.188059 97.671924 0.000000 16.034309 0.020310 
258 -0.664062 0.000000 -0.188059 98.389085 0.000000 15.066138 0.009260 
259 -0.466797 0.000000 -0.383490 96.943046 0.000000 14.886403 0.038044 
260 -0.170898 0.000000 -0.090344 98.518639 0.000000 3.355112 0.028282 
261 -0.269531 0.000000 -0.090344 100.059893 0.000000 17.098232 -0.030433 
262 -0.170898 0.000000 -0.188059 100.027853 0.000000 11.842289 -0.014581 
263 -0.022949 0.000000 -0.041486 98.512942 0.000000 2.834494 0.028717 
264 -0.072266 0.000000 -0.041486 98.536464 0.000000 3.273822 0.027985 
265 -0.022949 0.000000 -0.090344 98.486643 0.000000 2.649411 0.029336 
266 0.001709 0.000000 0.031801 98.506529 0.000000 2.538508 0.029002 
267 -0.022949 0.000000 0.031801 98.527152 0.000000 2.863835 0.028420 
268 0.001709 0.000000 0.007372 98.505494 0.000000 2.563686 0.029010 
269 0.001709 0.000000 0.056230 98.503532 0.000000 2.480863 0.029090 
270 0.051025 0.000000 -0.017057 98.433317 0.000000 1.692530 0.030802 
271 0.026367 0.000000 -0.017057 98.471245 0.000000 2.156239 0.029876 
272 0.051025 0.000000 -0.041486 98.424429 0.000000 1.662126 0.030987 
273 0.075684 0.000000 -0.017057 98.386362 0.000000 1.174225 0.031874 
274 0.038696 0.000000 0.019586 100.573071 0.000000 9.039773 -0.019666 
275 0.026367 0.000000 0.019586 100.000951 0.000000 7.832640 -0.006154 
276 0.038696 0.000000 0.007372 101.252595 0.000000 12.223755 -0.040151 
277 0.051025 0.000000 0.019586 100.595237 0.000000 8.354200 -0.018919 
278 0.038696 0.000000 0.031801 98.460317 0.000000 1.919455 0.030188 
279 0.001709 0.000000 -0.017057 98.500392 0.000000 2.554313 0.029115 
280 -0.022949 0.000000 -0.017057 98.521505 0.000000 2.880855 0.028521 
281 0.001709 0.000000 -0.041486 98.491489 0.000000 2.511179 0.029312 
282 0.014038 0.000000 -0.004842 100.038731 0.000000 16.243849 -0.027161 
283 0.001709 0.000000 -0.004842 98.503441 0.000000 2.563338 0.029050 
284 0.014038 0.000000 -0.017057 98.486879 0.000000 2.363974 0.029475 
285 0.026367 0.000000 -0.004842 100.190015 0.000000 11.412648 -0.016829 
286 0.014038 0.000000 0.007372 100.707099 0.000000 19.794806 -0.053375 
287 2.097656 0.000000 0.398235 99.669029 0.000000 8.870293 -0.001260 
288 2.097656 0.000000 0.007372 99.492824 0.000000 8.692336 0.002562 
289 2.492188 0.000000 0.398235 99.631218 0.000000 8.961431 -0.000669 
290 2.097656 0.000000 0.789097 99.766829 0.000000 9.481933 -0.004333 
291 2.097656 0.000000 -0.383490 99.249992 0.000000 9.264785 0.006360 
292 2.097656 0.000000 -0.774353 99.052185 0.000000 9.855384 0.009154 
293 2.492188 0.000000 -0.383490 99.332515 0.000000 9.468052 0.004341 
294 0.149658 0.000000 -0.017057 98.199478 0.000000 -0.539371 0.035657 
295 0.125000 0.000000 -0.017057 98.267856 0.000000 0.038818 0.034343 
296 0.149658 0.000000 -0.041486 98.194334 0.000000 -0.528164 0.035759 
297 0.248291 0.000000 0.031801 97.938144 0.000000 -2.464649 0.040205 
298 0.272949 0.000000 0.031801 97.884681 0.000000 -2.790769 0.041080 
299 0.248291 0.000000 0.056230 97.948370 0.000000 -2.406544 0.040033 
300 0.100342 0.000000 -0.017057 98.330808 0.000000 0.616779 0.033067 
301 0.100342 0.000000 -0.041486 98.323176 0.000000 0.605883 0.033219 
302 0.014038 0.000000 0.019586 98.493198 0.000000 2.364964 0.029350 
303 0.001709 0.000000 0.019586 98.506525 0.000000 2.555351 0.028993 
304 0.014038 0.000000 0.031801 98.493269 0.000000 2.349064 0.029356 
305 0.038696 0.000000 -0.004842 100.107271 0.000000 8.164720 -0.008813 
306 0.038696 0.000000 -0.017057 98.453408 0.000000 1.932014 0.030319 
307 0.051025 0.000000 -0.004842 99.873203 0.000000 5.385315 -0.000366 
1 7 12 10 11 
2 12 2 13 10 
3 1 17 15 16 
4 17 7 11 15 
5 19 21 3 22 
6 20 19 22 9 
7 11 25 23 24 
8 25 10 26 23 
9 28 20 9 30 
10 29 28 30 4 
11 15 33 31 32 
12 33 11 24 31 
13 35 37 19 38 
14 36 35 38 20 
15 24 41 39 40 
16 41 23 42 39 
17 44 36 20 46 
18 45 44 46 28 
19 31 49 47 48 
20 49 24 40 47 
21 51 53 35 54 
22 52 51 54 36 
23 40 57 55 56 
24 57 39 58 55 
25 60 52 36 62 
26 61 60 62 44 
27 47 65 63 64 
28 65 40 56 63 
29 67 69 51 70 
30 68 67 70 52 
31 56 73 71 72 
32 73 55 74 71 
33 76 68 52 78 
34 77 76 78 60 
35 63 81 79 80 
36 81 56 72 79 
37 83 85 67 86 
38 84 83 86 68 
39 72 89 87 88 
40 89 71 90 87 
41 92 84 68 94 
42 93 92 94 76 
43 79 97 95 96 
44 97 72 88 95 
45 99 101 83 102 
46 100 99 102 84 
47 88 105 103 104 
48 105 87 106 103 
49 10 109 108 26 
50 109 13 110 108 
51 108 110 8 111 
52 26 108 111 14 
53 23 113 112 42 
54 113 26 114 112 
55 112 114 14 115 
56 42 112 115 27 
57 39 117 116 58 
58 117 42 118 116 
59 116 118 27 119 
60 55 121 120 74 
61 121 58 122 120 
62 120 122 43 123 
63 74 120 123 59 
64 71 125 124 90 
65 125 74 126 124 
66 124 126 59 127 
67 90 124 127 75 
68 87 129 128 106 
69 129 90 130 128 
70 128 130 75 131 
71 106 128 131 91 
72 132 100 84 134 
73 133 132 134 92 
74 135 137 99 138 
75 136 135 138 100 
76 103 141 139 140 
77 141 106 142 139 
78 139 142 91 143 
79 95 146 144 145 
80 146 88 104 144 
81 104 150 148 149 
82 150 103 140 148 
83 14 111 152 37 
84 111 8 153 152 
85 152 153 21 154 
86 37 152 154 19 
87 27 115 155 53 
88 115 14 156 155 
89 155 156 37 157 
90 53 155 157 35 
91 119 27 159 158 
92 158 159 53 160 
93 69 158 160 51 
94 59 123 161 85 
95 123 43 162 161 
96 161 162 69 163 
97 85 161 163 67 
98 75 127 164 101 
99 127 59 165 164 
100 164 165 85 166 
101 101 164 166 83 
102 91 131 167 137 
103 131 75 168 167 
104 167 168 101 169 
105 137 167 169 99 
106 143 91 172 170 
107 170 172 137 173 
108 171 170 173 135 
109 140 176 174 175 
110 176 139 177 174 
111 174 177 143 178 
112 175 174 178 107 
113 179 136 100 181 
114 180 179 181 132 
115 182 171 135 184 
116 183 182 184 136 
117 187 107 188 185 
118 185 188 171 189 
119 186 185 189 182 
120 190 183 136 193 
121 191 190 193 179 
122 5 196 194 195 
123 196 151 186 194 
124 194 186 182 197 
125 195 194 197 183 
126 148 200 198 199 
127 200 140 175 198 
128 198 175 107 187 
129 199 198 187 151 
130 151 203 201 202 
131 203 187 204 201 
132 201 204 185 205 
133 202 201 205 186 
134 144 208 206 207 
135 208 104 149 206 
136 192 211 209 210 
137 211 5 195 209 
138 209 195 183 212 
139 210 209 212 190 
140 6 215 213 214 
141 215 18 45 213 
142 213 45 28 216 
143 214 213 216 29 
144 18 219 217 218 
145 219 34 61 217 
146 217 61 44 220 
147 218 217 220 45 
148 34 223 221 222 
149 223 50 77 221 
150 221 77 60 224 
151 222 221 224 61 
152 50 227 225 226 
153 227 66 93 225 
154 225 93 76 228 
155 226 225 228 77 
156 66 231 229 230 
157 231 82 133 229 
158 229 133 92 232 
159 230 229 232 93 
160 82 235 233 234 
161 235 98 180 233 
162 233 180 132 236 
163 234 233 236 133 
164 98 239 237 238 
165 237 191 179 240 
166 238 237 240 180 
167 243 192 210 241 
168 241 210 190 244 
169 242 241 244 191 
170 16 247 245 246 
171 247 15 32 245 
172 245 32 18 215 
173 246 245 215 6 
174 32 250 248 249 
175 250 31 48 248 
176 248 48 34 219 
177 249 248 219 18 
178 48 253 251 252 
179 253 47 64 251 
180 251 64 50 223 
181 252 251 223 34 
182 64 256 254 255 
183 256 63 80 254 
184 254 80 66 227 
185 255 254 227 50 
186 80 259 257 258 
187 259 79 96 257 
188 257 96 82 231 
189 258 257 231 66 
190 96 262 260 261 
191 262 95 145 260 
192 260 145 98 235 
193 261 260 235 82 
194 145 265 263 264 
195 265 144 207 263 
196 264 263 239 98 
197 239 268 266 267 
198 266 242 191 269 
199 267 266 269 237 
200 207 272 270 271 
201 272 206 273 270 
202 270 273 192 243 
203 147 276 274 275 
204 276 243 277 274 
205 274 277 241 278 
206 275 274 278 242 
207 263 281 279 280 
208 281 207 271 279 
209 280 279 268 239 
210 279 284 282 283 
211 284 271 285 282 
212 282 285 147 286 
213 283 282 286 268 
214 43 288 287 162 
215 288 119 289 287 
216 287 289 158 290 
217 162 287 290 69 
218 58 292 291 122 
219 292 116 293 291 
220 291 293 119 288 
221 122 291 288 43 
222 149 296 294 295 
223 296 148 199 294 
224 294 199 151 196 
225 295 294 196 5 
226 107 178 297 188 
227 178 143 298 297 
228 297 298 170 299 
229 188 297 299 171 
230 206 301 300 273 
231 301 149 295 300 
232 300 295 5 211 
233 273 300 211 192 
234 268 286 302 303 
235 286 147 275 302 
236 302 275 242 304 
237 303 302 304 266 
238 271 306 305 285 
239 306 270 307 305 
240 305 307 243 276 
241 285 305 276 147 
