2 0.000000 100.000000 1057.418842
307 241 
1 -12.500000 0.000000 -12.500228 99.345260 0.000000 11.323115 0.000231 
2 12.750000 0.000000 -12.500228 99.349712 0.000000 11.258559 0.000288 
3 12.750000 0.000000 12.514972 99.378993 0.000000 11.227317 -0.000224 
4 -12.500000 0.000000 12.514972 99.371322 0.000000 11.322255 -0.000285 
5 0.125000 0.000000 0.007372 100.135868 0.000000 0.430108 -0.002738 
6 -12.500000 0.000000 0.007372 99.358959 0.000000 11.338664 -0.000077 
7 0.125000 0.000000 -12.500228 99.323800 0.000000 11.287259 0.000738 
8 12.750000 0.000000 0.007372 99.560413 0.000000 9.495812 -0.000245 
9 0.125000 0.000000 12.514972 99.398133 0.000000 11.280342 -0.000724 
10 6.437500 0.000000 -6.246428 99.326438 0.000000 11.088007 0.001131 
11 0.125000 0.000000 -6.246428 99.224950 0.000000 11.196160 0.002906 
12 6.437500 0.000000 -12.500228 99.335822 0.000000 11.262284 0.000556 
13 12.750000 0.000000 -6.246428 99.363650 0.000000 11.121977 0.000317 
14 6.437500 0.000000 0.007372 99.637581 0.000000 8.665809 -0.000274 
15 -6.187500 0.000000 -6.246428 99.310116 0.000000 11.331574 0.000910 
16 -12.500000 0.000000 -6.246428 99.345687 0.000000 11.331552 0.000203 
17 -6.187500 0.000000 -12.500228 99.332768 0.000000 11.314572 0.000498 
18 -6.187500 0.000000 0.007372 99.363312 0.000000 11.392142 -0.000285 
19 6.437500 0.000000 6.261172 99.437209 0.000000 10.992876 -0.000860 
20 0.125000 0.000000 6.261172 99.515254 0.000000 11.173496 -0.002813 
21 12.750000 0.000000 6.261172 99.412968 0.000000 10.913845 -0.000205 
22 6.437500 0.000000 12.514972 99.390038 0.000000 11.245456 -0.000484 
23 3.281250 0.000000 -3.119528 99.230735 0.000000 10.581709 0.004129 
24 0.125000 0.000000 -3.119528 98.910175 0.000000 10.943116 0.009703 
25 3.281250 0.000000 -6.246428 99.273815 0.000000 11.101723 0.002146 
26 6.437500 0.000000 -3.119528 99.368634 0.000000 10.661731 0.001220 
27 3.281250 0.000000 0.007372 99.649952 0.000000 7.990162 0.000604 
28 -6.187500 0.000000 6.261172 99.412215 0.000000 11.328586 -0.001113 
29 -12.500000 0.000000 6.261172 99.371748 0.000000 11.330879 -0.000313 
30 -6.187500 0.000000 12.514972 99.385729 0.000000 11.312205 -0.000549 
31 -3.031250 0.000000 -3.119528 99.179838 0.000000 11.365279 0.003419 
32 -6.187500 0.000000 -3.119528 99.312065 0.000000 11.364704 0.000796 
33 -3.031250 0.000000 -6.246428 99.262219 0.000000 11.299266 0.001934 
34 -3.031250 0.000000 0.007372 99.375059 0.000000 11.582933 -0.000957 
35 3.281250 0.000000 3.134272 99.610813 0.000000 10.393430 -0.003034 
36 0.125000 0.000000 3.134272 99.873216 0.000000 10.893424 -0.009333 
37 6.437500 0.000000 3.134272 99.512428 0.000000 10.253982 -0.000787 
38 3.281250 0.000000 6.261172 99.479782 0.000000 11.050448 -0.001834 
39 1.703125 0.000000 -1.556078 98.881773 0.000000 9.603734 0.013016 
40 0.125000 0.000000 -1.556078 98.054598 0.000000 10.512739 0.027478 
41 1.703125 0.000000 -3.119528 99.053268 0.000000 10.647641 0.007508 
42 3.281250 0.000000 -1.556078 99.306997 0.000000 9.746264 0.004313 
43 1.703125 0.000000 0.007372 99.584780 0.000000 7.261141 0.003015 
44 -3.031250 0.000000 3.134272 99.560826 0.000000 11.356404 -0.004133 
45 -6.187500 0.000000 3.134272 99.413038 0.000000 11.362442 -0.001206 
46 -3.031250 0.000000 6.261172 99.466537 0.000000 11.291409 -0.002109 
47 -1.453125 0.000000 -1.556078 98.787657 0.000000 11.522128 0.010824 
48 -3.031250 0.000000 -1.556078 99.193339 0.000000 11.485789 0.002876 
49 -1.453125 0.000000 -3.119528 99.019390 0.000000 11.258230 0.006841 
50 -1.453125 0.000000 0.007372 99.394428 0.000000 12.202152 -0.002814 
51 1.703125 0.000000 1.570822 100.046113 0.000000 9.406576 -0.009771 
52 0.125000 0.000000 1.570822 100.790850 0.000000 10.447780 -0.026795 
53 3.281250 0.000000 1.570822 99.687074 0.000000 9.340901 -0.002477 
54 1.703125 0.000000 3.134272 99.760714 0.000000 10.541533 -0.006332 
55 0.914062 0.000000 -0.774353 98.034085 0.000000 8.262715 0.032105 
56 0.125000 0.000000 -0.774353 96.243282 0.000000 10.033707 0.063656 
57 0.914062 0.000000 -1.556078 98.415286 0.000000 9.800289 0.021839 
58 1.703125 0.000000 -0.774353 99.011213 0.000000 8.523922 0.012412 
59 0.914062 0.000000 0.007372 99.521428 0.000000 5.805850 0.006178 
60 -1.453125 0.000000 1.570822 99.989550 0.000000 11.504350 -0.013026 
61 -3.031250 0.000000 1.570822 99.553904 0.000000 11.479586 -0.004276 
62 -1.453125 0.000000 3.134272 99.737851 0.000000 11.237394 -0.007392 
63 -0.664062 0.000000 -0.774353 97.834398 0.000000 12.089209 0.028228 
64 -1.453125 0.000000 -0.774353 98.853225 0.000000 11.913929 0.008610 
65 -0.664062 0.000000 -1.556078 98.335394 0.000000 11.272286 0.020309 
66 -0.664062 0.000000 0.007372 99.410737 0.000000 13.847860 -0.007426 
67 0.914062 0.000000 0.789097 100.931848 0.000000 8.137515 -0.025346 
68 0.125000 0.000000 0.789097 102.654805 0.000000 9.985518 -0.063772 
69 1.703125 0.000000 0.789097 100.025870 0.000000 8.283203 -0.007379 
70 0.914062 0.000000 1.570822 100.472826 0.000000 9.680273 -0.018850 
71 0.519531 0.000000 -0.383490 96.324580 0.000000 6.268109 0.068229 
72 0.125000 0.000000 -0.383490 98.164878 0.000000 -0.004575 0.036366 
73 0.519531 0.000000 -0.774353 97.015751 0.000000 8.631418 0.051344 
74 0.914062 0.000000 -0.383490 98.309795 0.000000 6.851708 0.028824 
75 0.519531 0.000000 0.007372 96.815389 0.000000 -15.277545 0.039338 
76 -0.664062 0.000000 0.789097 100.989306 0.000000 12.071363 -0.034456 
77 -1.453125 0.000000 0.789097 99.932775 0.000000 11.903647 -0.012826 
78 -0.664062 0.000000 1.570822 100.470580 0.000000 11.239157 -0.022066 
79 -0.269531 0.000000 -0.383490 95.747948 0.000000 13.526665 0.064936 
80 -0.664062 0.000000 -0.383490 98.048783 0.000000 13.101567 0.021479 
81 -0.269531 0.000000 -0.774353 96.811387 0.000000 11.576951 0.049353 
82 -0.269531 0.000000 0.007372 99.913979 0.000000 15.367169 -0.021895 
83 0.519531 0.000000 0.398235 102.632388 0.000000 6.181680 -0.057162 
84 0.125000 0.000000 0.398235 98.210485 0.000000 -0.004302 0.035470 
85 0.914062 0.000000 0.398235 100.701654 0.000000 6.744871 -0.018632 
86 0.519531 0.000000 0.789097 101.915564 0.000000 8.545341 -0.045981 
87 0.322266 0.000000 -0.188059 97.897892 0.000000 -2.460444 0.040995 
88 0.125000 0.000000 -0.188059 98.197418 0.000000 -0.006132 0.035727 
89 0.322266 0.000000 -0.383490 96.056991 0.000000 -18.582225 0.042776 
90 0.519531 0.000000 -0.188059 95.946762 0.000000 -18.891406 0.043733 
91 0.322266 0.000000 0.007372 97.817578 0.000000 -3.305741 0.042079 
92 -0.269531 0.000000 0.398235 103.102524 0.000000 13.535200 -0.081333 
93 -0.664062 0.000000 0.398235 100.775330 0.000000 13.095322 -0.032715 
94 -0.269531 0.000000 0.789097 102.043827 0.000000 11.552420 -0.054640 
95 -0.072266 0.000000 -0.188059 98.399921 0.000000 2.443317 0.031149 
96 -0.269531 0.000000 -0.188059 99.722009 0.000000 18.702891 -0.029428 
97 -0.072266 0.000000 -0.383490 99.766477 0.000000 18.433434 -0.029314 
98 -0.072266 0.000000 0.007372 98.491532 0.000000 3.282612 0.028864 
99 0.322266 0.000000 0.202803 97.943916 0.000000 -2.385727 0.040130 
100 0.125000 0.000000 0.202803 98.243944 0.000000 -0.005839 0.034813 
101 0.519531 0.000000 0.202803 95.984347 0.000000 -18.792383 0.043385 
102 0.322266 0.000000 0.398235 96.650748 0.000000 -16.356276 0.039111 
103 0.223633 0.000000 -0.090344 98.000153 0.000000 -1.938543 0.039221 
104 0.125000 0.000000 -0.090344 98.227887 0.000000 -0.007010 0.035128 
105 0.223633 0.000000 -0.188059 98.028285 0.000000 -1.492460 0.038823 
106 0.322266 0.000000 -0.090344 97.835604 0.000000 -3.056758 0.041885 
107 0.223633 0.000000 0.007372 97.595047 0.000000 -15.886499 0.022283 
108 9.593750 0.000000 -3.119528 99.395939 0.000000 10.759482 0.000468 
109 9.593750 0.000000 -6.246428 99.352711 0.000000 11.102842 0.000577 
110 12.750000 0.000000 -3.119528 99.400193 0.000000 10.834379 0.000222 
111 9.593750 0.000000 0.007372 99.597329 0.000000 9.136305 -0.000310 
112 4.859375 0.000000 -1.556078 99.417322 0.000000 9.910154 0.001799 
113 4.859375 0.000000 -3.119528 99.322903 0.000000 10.610098 0.002239 
114 6.437500 0.000000 -1.556078 99.450691 0.000000 10.045314 0.000865 
115 4.859375 0.000000 0.007372 99.652165 0.000000 8.376192 -0.000071 
116 2.492188 0.000000 -0.774353 99.320862 0.000000 8.815380 0.005766 
117 2.492188 0.000000 -1.556078 99.166481 0.000000 9.656176 0.007277 
118 3.281250 0.000000 -0.774353 99.437369 0.000000 9.020525 0.003084 
119 2.492188 0.000000 0.007372 99.631659 0.000000 7.724620 0.001386 
120 1.308594 0.000000 -0.383490 98.973112 0.000000 7.449499 0.014883 
121 1.308594 0.000000 -0.774353 98.663168 0.000000 8.348465 0.019588 
122 1.703125 0.000000 -0.383490 99.245443 0.000000 7.827896 0.008907 
123 1.308594 0.000000 0.007372 99.558677 0.000000 6.797046 0.004187 
124 0.716797 0.000000 -0.188059 98.248725 0.000000 5.345106 0.031862 
125 0.716797 0.000000 -0.383490 97.595355 0.000000 6.482953 0.043312 
126 0.914062 0.000000 -0.188059 98.806812 0.000000 6.145032 0.019945 
127 0.716797 0.000000 0.007372 99.493083 0.000000 4.769655 0.007838 
128 0.420898 0.000000 -0.090344 97.782380 0.000000 -3.327470 0.042753 
129 0.420898 0.000000 -0.188059 97.487110 0.000000 -11.659980 0.036031 
130 0.519531 0.000000 -0.090344 96.417787 0.000000 -17.062426 0.041248 
131 0.420898 0.000000 0.007372 97.765357 0.000000 -3.521650 0.042953 
132 -0.072266 0.000000 0.202803 98.429923 0.000000 2.370182 0.030593 
133 -0.269531 0.000000 0.202803 99.738095 0.000000 18.620834 -0.029442 
134 -0.072266 0.000000 0.398235 99.931417 0.000000 16.425444 -0.025608 
135 0.223633 0.000000 0.105088 98.034939 0.000000 -1.893035 0.038557 
136 0.125000 0.000000 0.105088 98.259367 0.000000 -0.006802 0.034510 
137 0.322266 0.000000 0.105088 97.866834 0.000000 -2.997255 0.041310 
138 0.223633 0.000000 0.202803 98.078314 0.000000 -1.439489 0.037857 
139 0.272949 0.000000 -0.041486 97.890062 0.000000 -2.807678 0.040965 
140 0.223633 0.000000 -0.041486 97.994713 0.000000 -2.089504 0.039267 
141 0.272949 0.000000 -0.090344 97.903673 0.000000 -2.621243 0.040800 
142 0.322266 0.000000 -0.041486 97.818103 0.000000 -3.248169 0.042107 
143 0.272949 0.000000 0.007372 97.891493 0.000000 -2.864397 0.040905 
144 0.026367 0.000000 -0.090344 98.394974 0.000000 1.921157 0.031474 
145 -0.072266 0.000000 -0.090344 98.459117 0.000000 3.035231 0.029659 
146 0.026367 0.000000 -0.188059 98.332335 0.000000 1.478242 0.032857 
147 0.026367 0.000000 0.007372 100.825366 0.000000 15.244809 -0.039816 
148 0.174316 0.000000 -0.041486 98.119494 0.000000 -1.121926 0.037131 
149 0.125000 0.000000 -0.041486 98.243535 0.000000 -0.007275 0.034821 
150 0.174316 0.000000 -0.090344 98.114117 0.000000 -1.036957 0.037254 
151 0.174316 0.000000 0.007372 99.484672 0.000000 -5.466444 0.007292 
152 9.593750 0.000000 3.134272 99.507278 0.000000 10.093992 -0.000359 
153 12.750000 0.000000 3.134272 99.525044 0.000000 9.880940 -0.000287 
154 9.593750 0.000000 6.261172 99.418224 0.000000 10.954451 -0.000398 
155 4.859375 0.000000 1.570822 99.624681 0.000000 9.248864 -0.001062 
156 6.437500 0.000000 1.570822 99.621553 0.000000 9.104419 -0.000734 
157 4.859375 0.000000 3.134272 99.541420 0.000000 10.319090 -0.001498 
158 2.492188 0.000000 0.789097 99.776125 0.000000 8.417862 -0.002614 
159 3.281250 0.000000 0.789097 99.708259 0.000000 8.435360 -0.001289 
160 2.492188 0.000000 1.570822 99.796341 0.000000 9.362660 -0.004697 
161 1.308594 0.000000 0.398235 100.094834 0.000000 7.281827 -0.007200 
162 1.703125 0.000000 0.398235 99.866729 0.000000 7.588378 -0.003095 
163 1.308594 0.000000 0.789097 100.339876 0.000000 8.171630 -0.013487 
164 0.716797 0.000000 0.202803 100.737360 0.000000 5.284763 -0.017594 
165 0.914062 0.000000 0.202803 100.225930 0.000000 6.073414 -0.008212 
166 0.716797 0.000000 0.398235 101.384892 0.000000 6.393406 -0.031977 
167 0.420898 0.000000 0.105088 97.859519 0.000000 -4.765270 0.040081 
168 0.519531 0.000000 0.105088 96.441050 0.000000 -16.997452 0.041021 
169 0.420898 0.000000 0.202803 97.535998 0.000000 -11.507744 0.035430 
170 0.272949 0.000000 0.056230 97.908811 0.000000 -2.774442 0.040617 
171 0.223633 0.000000 0.056230 98.013991 0.000000 -2.062707 0.038900 
172 0.322266 0.000000 0.056230 97.835258 0.000000 -3.213998 0.041793 
173 0.272949 0.000000 0.105088 97.937557 0.000000 -2.564236 0.040166 
174 0.248291 0.000000 -0.017057 97.938498 0.000000 -2.526799 0.040167 
175 0.223633 0.000000 -0.017057 97.995697 0.000000 -2.127568 0.039232 
176 0.248291 0.000000 -0.041486 97.938804 0.000000 -2.483370 0.040182 
177 0.272949 0.000000 -0.017057 97.888709 0.000000 -2.854341 0.040965 
178 0.248291 0.000000 0.007372 97.941714 0.000000 -2.536194 0.040099 
179 0.026367 0.000000 0.105088 98.419970 0.000000 1.876559 0.030999 
180 -0.072266 0.000000 0.105088 98.477598 0.000000 2.977147 0.029330 
181 0.026367 0.000000 0.202803 98.370979 0.000000 1.426297 0.032112 
182 0.174316 0.000000 0.056230 98.138176 0.000000 -1.106901 0.036767 
183 0.125000 0.000000 0.056230 98.260804 0.000000 -0.007159 0.034481 
184 0.174316 0.000000 0.105088 98.147949 0.000000 -1.011558 0.036596 
185 0.198975 0.000000 0.031801 98.068050 0.000000 -1.651482 0.037993 
186 0.174316 0.000000 0.031801 99.129652 0.000000 -3.005724 0.016428 
187 0.198975 0.000000 0.007372 98.827631 0.000000 -9.154588 0.014929 
188 0.223633 0.000000 0.031801 98.005604 0.000000 -2.113578 0.039043 
189 0.198975 0.000000 0.056230 98.074906 0.000000 -1.610569 0.037872 
190 0.075684 0.000000 0.056230 98.362694 0.000000 1.091527 0.032359 
191 0.026367 0.000000 0.056230 98.433653 0.000000 2.044818 0.030663 
192 0.075684 0.000000 0.007372 100.506817 0.000000 5.664746 -0.013371 
193 0.075684 0.000000 0.105088 98.353040 0.000000 0.997115 0.032569 
194 0.149658 0.000000 0.031801 99.676564 0.000000 -2.141089 0.006000 
195 0.125000 0.000000 0.031801 99.916871 0.000000 0.424172 0.001644 
196 0.149658 0.000000 0.007372 99.886726 0.000000 -2.367797 0.001704 
197 0.149658 0.000000 0.056230 98.201031 0.000000 -0.566514 0.035624 
198 0.198975 0.000000 -0.017057 98.058233 0.000000 -1.662705 0.038182 
199 0.174316 0.000000 -0.017057 98.123431 0.000000 -1.143436 0.037048 
200 0.198975 0.000000 -0.041486 98.055798 0.000000 -1.632048 0.038240 
201 0.186646 0.000000 0.019586 99.372301 0.000000 -6.615103 0.008139 
202 0.174316 0.000000 0.019586 99.500076 0.000000 -5.383787 0.007075 
203 0.186646 0.000000 0.007372 99.421959 0.000000 -7.177877 0.006375 
204 0.198975 0.000000 0.019586 98.828938 0.000000 -8.505271 0.016050 
205 0.186646 0.000000 0.031801 98.790057 0.000000 -4.995365 0.021557 
206 0.075684 0.000000 -0.041486 98.347247 0.000000 1.106225 0.032660 
207 0.026367 0.000000 -0.041486 98.420141 0.000000 2.071068 0.030919 
208 0.075684 0.000000 -0.090344 98.324671 0.000000 1.021951 0.033121 
209 0.100342 0.000000 0.031801 99.610378 0.000000 1.596275 0.007522 
210 0.075684 0.000000 0.031801 99.663455 0.000000 3.429227 0.005544 
211 0.100342 0.000000 0.007372 100.324376 0.000000 3.042224 -0.007424 
212 0.100342 0.000000 0.056230 98.315239 0.000000 0.551921 0.033381 
213 -9.343750 0.000000 3.134272 99.378188 0.000000 11.345534 -0.000475 
214 -12.500000 0.000000 3.134272 99.367160 0.000000 11.336151 -0.000234 
215 -9.343750 0.000000 0.007372 99.360187 0.000000 11.352783 -0.000133 
216 -9.343750 0.000000 6.261172 99.384350 0.000000 11.332873 -0.000568 
217 -4.609375 0.000000 1.570822 99.437334 0.000000 11.424314 -0.001830 
218 -6.187500 0.000000 1.570822 99.394985 0.000000 11.382593 -0.000893 
219 -4.609375 0.000000 0.007372 99.367082 0.000000 11.451423 -0.000495 
220 -4.609375 0.000000 3.134272 99.459695 0.000000 11.370064 -0.002151 
221 -2.242188 0.000000 0.789097 99.606905 0.000000 11.677748 -0.005791 
222 -3.031250 0.000000 0.789097 99.486243 0.000000 11.550426 -0.003092 
223 -2.242188 0.000000 0.007372 99.382339 0.000000 11.763444 -0.001523 
224 -2.242188 0.000000 1.570822 99.699541 0.000000 11.514687 -0.007259 
225 -1.058594 0.000000 0.398235 100.020378 0.000000 12.487096 -0.016000 
226 -1.453125 0.000000 0.398235 99.723367 0.000000 12.113869 -0.009150 
227 -1.058594 0.000000 0.007372 99.402532 0.000000 12.714559 -0.004252 
228 -1.058594 0.000000 0.789097 100.302227 0.000000 12.036278 -0.020541 
229 -0.466797 0.000000 0.202803 100.919053 0.000000 14.534963 -0.039592 
230 -0.664062 0.000000 0.202803 100.237492 0.000000 13.620432 -0.023307 
231 -0.466797 0.000000 0.007372 99.413009 0.000000 15.096583 -0.011085 
232 -0.466797 0.000000 0.398235 101.613172 0.000000 13.452209 -0.050620 
233 -0.170898 0.000000 0.105088 98.922961 0.000000 5.071052 0.018853 
234 -0.269531 0.000000 0.105088 99.924420 0.000000 15.283376 -0.021847 
235 -0.170898 0.000000 0.007372 98.483828 0.000000 3.499149 0.028869 
236 -0.170898 0.000000 0.202803 99.787299 0.000000 9.983180 -0.005717 
237 -0.022949 0.000000 0.056230 98.473917 0.000000 2.753964 0.029530 
238 -0.072266 0.000000 0.056230 98.490335 0.000000 3.191927 0.028947 
239 -0.022949 0.000000 0.007372 98.475101 0.000000 2.842936 0.029457 
240 -0.022949 0.000000 0.105088 98.459718 0.000000 2.545584 0.029920 
241 0.051025 0.000000 0.031801 99.657123 0.000000 4.949975 0.004396 
242 0.026367 0.000000 0.031801 98.435690 0.000000 2.095210 0.030602 
243 0.051025 0.000000 0.007372 100.646811 0.000000 8.828472 -0.020772 
244 0.051025 0.000000 0.056230 98.402243 0.000000 1.594037 0.031446 
245 -9.343750 0.000000 -3.119528 99.341802 0.000000 11.346368 0.000247 
246 -12.500000 0.000000 -3.119528 99.350622 0.000000 11.336541 0.000094 
247 -9.343750 0.000000 -6.246428 99.334761 0.000000 11.334195 0.000414 
248 -4.609375 0.000000 -1.556078 99.295733 0.000000 11.426882 0.000978 
249 -6.187500 0.000000 -1.556078 99.331218 0.000000 11.383884 0.000372 
250 -4.609375 0.000000 -3.119528 99.270832 0.000000 11.374313 0.001593 
251 -2.242188 0.000000 -0.774353 99.156137 0.000000 11.683500 0.003156 
252 -3.031250 0.000000 -0.774353 99.262999 0.000000 11.553830 0.001337 
253 -2.242188 0.000000 -1.556078 99.059709 0.000000 11.524991 0.005435 
254 -1.058594 0.000000 -0.383490 98.784270 0.000000 12.493717 0.008558 
255 -1.453125 0.000000 -0.383490 99.065864 0.000000 12.115172 0.003918 
256 -1.058594 0.000000 -0.774353 98.500014 0.000000 12.049964 0.015255 
257 -0.466797 0.000000 -0.188059 97.909554 0.000000 14.534172 0.020248 
258 -0.664062 0.000000 -0.188059 98.584837 0.000000 13.622826 0.009545 
259 -0.466797 0.000000 -0.383490 97.221975 0.000000 13.454951 0.036685 
260 -0.170898 0.000000 -0.090344 98.461466 0.000000 3.306123 0.029441 
261 -0.269531 0.000000 -0.090344 99.844396 0.000000 17.045658 -0.025946 
262 -0.170898 0.000000 -0.188059 99.883307 0.000000 11.799194 -0.011590 
263 -0.022949 0.000000 -0.041486 98.462302 0.000000 2.786442 0.029741 
264 -0.072266 0.000000 -0.041486 98.480499 0.000000 3.225250 0.029119 
265 -0.022949 0.000000 -0.090344 98.438071 0.000000 2.601340 0.030318 
266 0.001709 0.000000 0.031801 98.459582 0.000000 2.490942 0.029951 
267 -0.022949 0.000000 0.031801 98.476282 0.000000 2.815928 0.029449 
268 0.001709 0.000000 0.007372 98.458218 0.000000 2.516057 0.029965 
269 0.001709 0.000000 0.056230 98.457284 0.000000 2.433365 0.030024 
270 0.051025 0.000000 -0.017057 98.396367 0.000000 1.645561 0.031545 
271 0.026367 0.000000 -0.017057 98.428793 0.000000 2.108913 0.030733 
272 0.051025 0.000000 -0.041486 98.387761 0.000000 1.615087 0.031724 
273 0.075684 0.000000 -0.017057 98.355508 0.000000 1.127588 0.032492 
274 0.038696 0.000000 0.019586 100.451733 0.000000 9.011883 -0.017176 
275 0.026367 0.000000 0.019586 99.887634 0.000000 7.796848 -0.003833 
276 0.038696 0.000000 0.007372 101.086498 0.000000 12.198432 -0.036728 
277 0.051025 0.000000 0.019586 100.488275 0.000000 8.329459 -0.016727 
278 0.038696 0.000000 0.031801 98.420770 0.000000 1.872433 0.030985 
279 0.001709 0.000000 -0.017057 98.453181 0.000000 2.506628 0.030069 
280 -0.022949 0.000000 -0.017057 98.470364 0.000000 2.832836 0.029556 
281 0.001709 0.000000 -0.041486 98.444731 0.000000 2.463450 0.030257 
282 0.014038 0.000000 -0.004842 99.747640 0.000000 16.161363 -0.021078 
283 0.001709 0.000000 -0.004842 98.456148 0.000000 2.515679 0.030006 
284 0.014038 0.000000 -0.017057 98.441948 0.000000 2.316466 0.030382 
285 0.026367 0.000000 -0.004842 100.003462 0.000000 11.362775 -0.012981 
286 0.014038 0.000000 0.007372 100.360655 0.000000 19.711487 -0.046080 
287 2.097656 0.000000 0.398235 99.771967 0.000000 7.755889 -0.001460 
288 2.097656 0.000000 0.007372 99.608255 0.000000 7.538949 0.002136 
289 2.492188 0.000000 0.398235 99.733731 0.000000 7.844071 -0.000835 
290 2.097656 0.000000 0.789097 99.868115 0.000000 8.354652 -0.004344 
291 2.097656 0.000000 -0.383490 99.383670 0.000000 8.089865 0.005744 
292 2.097656 0.000000 -0.774353 99.200155 0.000000 8.669090 0.008418 
293 2.492188 0.000000 -0.383490 99.462215 0.000000 8.278925 0.003873 
294 0.149658 0.000000 -0.017057 98.188346 0.000000 -0.585394 0.035871 
295 0.125000 0.000000 -0.017057 98.250148 0.000000 -0.007332 0.034691 
296 0.149658 0.000000 -0.041486 98.182980 0.000000 -0.574285 0.035977 
297 0.248291 0.000000 0.031801 97.948345 0.000000 -2.510764 0.039982 
298 0.272949 0.000000 0.031801 97.898341 0.000000 -2.837035 0.040787 
299 0.248291 0.000000 0.056230 97.957965 0.000000 -2.452623 0.039822 
300 0.100342 0.000000 -0.017057 98.306446 0.000000 0.570422 0.033552 
301 0.100342 0.000000 -0.041486 98.298852 0.000000 0.559434 0.033702 
302 0.014038 0.000000 0.019586 98.448322 0.000000 2.317546 0.030256 
303 0.001709 0.000000 0.019586 98.459365 0.000000 2.507752 0.029946 
304 0.014038 0.000000 0.031801 98.448596 0.000000 2.301677 0.030258 
305 0.038696 0.000000 -0.004842 99.989725 0.000000 8.129856 -0.006404 
306 0.038696 0.000000 -0.017057 98.413622 0.000000 1.884868 0.031121 
307 0.051025 0.000000 -0.004842 99.804980 0.000000 5.356134 0.001028 
1 7 12 10 11 
2 12 2 13 10 
3 1 17 15 16 
4 17 7 11 15 
5 19 21 3 22 
6 20 19 22 9 
7 11 25 23 24 
8 25 10 26 23 
9 28 20 9 30 
10 29 28 30 4 
11 15 33 31 32 
12 33 11 24 31 
13 35 37 19 38 
14 36 35 38 20 
15 24 41 39 40 
16 41 23 42 39 
17 44 36 20 46 
18 45 44 46 28 
19 31 49 47 48 
20 49 24 40 47 
21 51 53 35 54 
22 52 51 54 36 
23 40 57 55 56 
24 57 39 58 55 
25 60 52 36 62 
26 61 60 62 44 
27 47 65 63 64 
28 65 40 56 63 
29 67 69 51 70 
30 68 67 70 52 
31 56 73 71 72 
32 73 55 74 71 
33 76 68 52 78 
34 77 76 78 60 
35 63 81 79 80 
36 81 56 72 79 
37 83 85 67 86 
38 84 83 86 68 
39 72 89 87 88 
40 89 71 90 87 
41 92 84 68 94 
42 93 92 94 76 
43 79 97 95 96 
44 97 72 88 95 
45 99 101 83 102 
46 100 99 102 84 
47 88 105 103 104 
48 105 87 106 103 
49 10 109 108 26 
50 109 13 110 108 
51 108 110 8 111 
52 26 108 111 14 
53 23 113 112 42 
54 113 26 114 112 
55 112 114 14 115 
56 42 112 115 27 
57 39 117 116 58 
58 117 42 118 116 
59 116 118 27 119 
60 55 121 120 74 
61 121 58 122 120 
62 120 122 43 123 
63 74 120 123 59 
64 71 125 124 90 
65 125 74 126 124 
66 124 126 59 127 
67 90 124 127 75 
68 87 129 128 106 
69 129 90 130 128 
70 128 130 75 131 
71 106 128 131 91 
72 132 100 84 134 
73 133 132 134 92 
74 135 137 99 138 
75 136 135 138 100 
76 103 141 139 140 
77 141 106 142 139 
78 139 142 91 143 
79 95 146 144 145 
80 146 88 104 144 
81 104 150 148 149 
82 150 103 140 148 
83 14 111 152 37 
84 111 8 153 152 
85 152 153 21 154 
86 37 152 154 19 
87 27 115 155 53 
88 115 14 156 155 
89 155 156 37 157 
90 53 155 157 35 
91 119 27 159 158 
92 158 159 53 160 
93 69 158 160 51 
94 59 123 161 85 
95 123 43 162 161 
96 161 162 69 163 
97 85 161 163 67 
98 75 127 164 101 
99 127 59 165 164 
100 164 165 85 166 
101 101 164 166 83 
102 91 131 167 137 
103 131 75 168 167 
104 167 168 101 169 
105 137 167 169 99 
106 143 91 172 170 
107 170 172 137 173 
108 171 170 173 135 
109 140 176 174 175 
110 176 139 177 174 
111 174 177 143 178 
112 175 174 178 107 
113 179 136 100 181 
114 180 179 181 132 
115 182 171 135 184 
116 183 182 184 136 
117 187 107 188 185 
118 185 188 171 189 
119 186 185 189 182 
120 190 183 136 193 
121 191 190 193 179 
122 5 196 194 195 
123 196 151 186 194 
124 194 186 182 197 
125 195 194 197 183 
126 148 200 198 199 
127 200 140 175 198 
128 198 175 107 187 
129 199 198 187 151 
130 151 203 201 202 
131 203 187 204 201 
132 201 204 185 205 
133 202 201 205 186 
134 144 208 206 207 
135 208 104 149 206 
136 192 211 209 210 
137 211 5 195 209 
138 209 195 183 212 
139 210 209 212 190 
140 6 215 213 214 
141 215 18 45 213 
142 213 45 28 216 
143 214 213 216 29 
144 18 219 217 218 
145 219 34 61 217 
146 217 61 44 220 
147 218 217 220 45 
148 34 223 221 222 
149 223 50 77 221 
150 221 77 60 224 
151 222 221 224 61 
152 50 227 225 226 
153 227 66 93 225 
154 225 93 76 228 
155 226 225 228 77 
156 66 231 229 230 
157 231 82 133 229 
158 229 133 92 232 
159 230 229 232 93 
160 82 235 233 234 
161 235 98 180 233 
162 233 180 132 236 
163 234 233 236 133 
164 98 239 237 238 
165 237 191 179 240 
166 238 237 240 180 
167 243 192 210 241 
168 241 210 190 244 
169 242 241 244 191 
170 16 247 245 246 
171 247 15 32 245 
172 245 32 18 215 
173 246 245 215 6 
174 32 250 248 249 
175 250 31 48 248 
176 248 48 34 219 
177 249 248 219 18 
178 48 253 251 252 
179 253 47 64 251 
180 251 64 50 223 
181 252 251 223 34 
182 64 256 254 255 
183 256 63 80 254 
184 254 80 66 227 
185 255 254 227 50 
186 80 259 257 258 
187 259 79 96 257 
188 257 96 82 231 
189 258 257 231 66 
190 96 262 260 261 
191 262 95 145 260 
192 260 145 98 235 
193 261 260 235 82 
194 145 265 263 264 
195 265 144 207 263 
196 264 263 239 98 
197 239 268 266 267 
198 266 242 191 269 
199 267 266 269 237 
200 207 272 270 271 
201 272 206 273 270 
202 270 273 192 243 
203 147 276 274 275 
204 276 243 277 274 
205 274 277 241 278 
206 275 274 278 242 
207 263 281 279 280 
208 281 207 271 279 
209 280 279 268 239 
210 279 284 282 283 
211 284 271 285 282 
212 282 285 147 286 
213 283 282 286 268 
214 43 288 287 162 
215 288 119 289 287 
216 287 289 158 290 
217 162 287 290 69 
218 58 292 291 122 
219 292 116 293 291 
220 291 293 119 288 
221 122 291 288 43 
222 149 296 294 295 
223 296 148 199 294 
224 294 199 151 196 
225 295 294 196 5 
226 107 178 297 188 
227 178 143 298 297 
228 297 298 170 299 
229 188 297 299 171 
230 206 301 300 273 
231 301 149 295 300 
232 300 295 5 211 
233 273 300 211 192 
234 268 286 302 303 
235 286 147 275 302 
236 302 275 242 304 
237 303 302 304 266 
238 271 306 305 285 
239 306 270 307 305 
240 305 307 243 276 
241 285 305 276 147 
