2 0.000000 100.000000 1057.418842
307 241 
1 -12.500000 0.000000 -12.500228 99.485548 0.000000 10.021377 0.000220 
2 12.750000 0.000000 -12.500228 99.489363 0.000000 9.959579 0.000267 
3 12.750000 0.000000 12.514972 99.516104 0.000000 9.933897 -0.000214 
4 -12.500000 0.000000 12.514972 99.509982 0.000000 10.020668 -0.000265 
5 0.125000 0.000000 0.007372 100.134617 0.000000 0.414517 -0.002711 
6 -12.500000 0.000000 0.007372 99.498313 0.000000 10.036005 -0.000064 
7 0.125000 0.000000 -12.500228 99.465166 0.000000 9.987420 0.000693 
8 12.750000 0.000000 0.007372 99.680814 0.000000 8.153357 -0.000274 
9 0.125000 0.000000 12.514972 99.534779 0.000000 9.981724 -0.000681 
10 6.437500 0.000000 -6.246428 99.466215 0.000000 9.796465 0.001050 
11 0.125000 0.000000 -6.246428 99.371352 0.000000 9.901013 0.002730 
12 6.437500 0.000000 -12.500228 99.476335 0.000000 9.963547 0.000519 
13 12.750000 0.000000 -6.246428 99.501481 0.000000 9.825808 0.000291 
14 6.437500 0.000000 0.007372 99.743124 0.000000 7.388898 -0.000329 
15 -6.187500 0.000000 -6.246428 99.452271 0.000000 10.029183 0.000866 
16 -12.500000 0.000000 -6.246428 99.485898 0.000000 10.029299 0.000197 
17 -6.187500 0.000000 -12.500228 99.473733 0.000000 10.013280 0.000471 
18 -6.187500 0.000000 0.007372 99.501876 0.000000 10.086122 -0.000235 
19 6.437500 0.000000 6.261172 99.567996 0.000000 9.718344 -0.000823 
20 0.125000 0.000000 6.261172 99.643598 0.000000 9.882334 -0.002651 
21 12.750000 0.000000 6.261172 99.542624 0.000000 9.656078 -0.000197 
22 6.437500 0.000000 12.514972 99.526841 0.000000 9.949687 -0.000459 
23 3.281250 0.000000 -3.119528 99.372864 0.000000 9.314589 0.003827 
24 0.125000 0.000000 -3.119528 99.073744 0.000000 9.661393 0.009105 
25 3.281250 0.000000 -6.246428 99.416873 0.000000 9.810896 0.002003 
26 6.437500 0.000000 -3.119528 99.502623 0.000000 9.382482 0.001120 
27 3.281250 0.000000 0.007372 99.748849 0.000000 6.789389 0.000407 
28 -6.187500 0.000000 6.261172 99.547985 0.000000 10.026734 -0.001034 
29 -12.500000 0.000000 6.261172 99.510332 0.000000 10.028745 -0.000288 
30 -6.187500 0.000000 12.514972 99.523376 0.000000 10.011331 -0.000513 
31 -3.031250 0.000000 -3.119528 99.329139 0.000000 10.060172 0.003252 
32 -6.187500 0.000000 -3.119528 99.453934 0.000000 10.060282 0.000771 
33 -3.031250 0.000000 -6.246428 99.406999 0.000000 9.998602 0.001828 
34 -3.031250 0.000000 0.007372 99.511399 0.000000 10.264421 -0.000788 
35 3.281250 0.000000 3.134272 99.725590 0.000000 9.160143 -0.002910 
36 0.125000 0.000000 3.134272 99.976562 0.000000 9.620967 -0.008788 
37 6.437500 0.000000 3.134272 99.627993 0.000000 9.046833 -0.000758 
38 3.281250 0.000000 6.261172 99.609151 0.000000 9.768824 -0.001741 
39 1.703125 0.000000 -1.556078 99.038659 0.000000 8.386410 0.012101 
40 0.125000 0.000000 -1.556078 98.263721 0.000000 9.253624 0.025861 
41 1.703125 0.000000 -3.119528 99.206723 0.000000 9.380449 0.007003 
42 3.281250 0.000000 -1.556078 99.438566 0.000000 8.511331 0.003953 
43 1.703125 0.000000 0.007372 99.686811 0.000000 6.130367 0.002496 
44 -3.031250 0.000000 3.134272 99.686121 0.000000 10.052970 -0.003838 
45 -6.187500 0.000000 3.134272 99.548584 0.000000 10.058435 -0.001109 
46 -3.031250 0.000000 6.261172 99.598538 0.000000 9.992169 -0.001971 
47 -1.453125 0.000000 -1.556078 98.958949 0.000000 10.206371 0.010296 
48 -3.031250 0.000000 -1.556078 99.341395 0.000000 10.173142 0.002779 
49 -1.453125 0.000000 -3.119528 99.177824 0.000000 9.958960 0.006458 
50 -1.453125 0.000000 0.007372 99.526804 0.000000 10.845436 -0.002321 
51 1.703125 0.000000 1.570822 100.130956 0.000000 8.225340 -0.009386 
52 0.125000 0.000000 1.570822 100.837356 0.000000 9.201319 -0.025284 
53 3.281250 0.000000 1.570822 99.786916 0.000000 8.175982 -0.002428 
54 1.703125 0.000000 3.134272 99.868863 0.000000 9.293752 -0.006016 
55 0.914062 0.000000 -0.774353 98.231600 0.000000 7.111740 0.029998 
56 0.125000 0.000000 -0.774353 96.549003 0.000000 8.802012 0.060081 
57 0.914062 0.000000 -1.556078 98.600268 0.000000 8.577068 0.020442 
58 1.703125 0.000000 -0.774353 99.154324 0.000000 7.349188 0.011441 
59 0.914062 0.000000 0.007372 99.629712 0.000000 4.758665 0.005128 
60 -1.453125 0.000000 1.570822 100.085876 0.000000 10.192215 -0.012106 
61 -3.031250 0.000000 1.570822 99.679144 0.000000 10.168146 -0.003932 
62 -1.453125 0.000000 3.134272 99.851000 0.000000 9.942061 -0.006907 
63 -0.664062 0.000000 -0.774353 98.059765 0.000000 10.738777 0.026896 
64 -1.453125 0.000000 -0.774353 99.019579 0.000000 10.574432 0.008330 
65 -0.664062 0.000000 -1.556078 98.531684 0.000000 9.970921 0.019209 
66 -0.664062 0.000000 0.007372 99.538629 0.000000 12.388583 -0.006142 
67 0.914062 0.000000 0.789097 100.968070 0.000000 7.011235 -0.024371 
68 0.125000 0.000000 0.789097 102.596046 0.000000 8.764386 -0.060276 
69 1.703125 0.000000 0.789097 100.106393 0.000000 7.153385 -0.007246 
70 0.914062 0.000000 1.570822 100.536036 0.000000 8.479618 -0.017940 
71 0.519531 0.000000 -0.383490 96.599964 0.000000 5.218550 0.064121 
72 0.125000 0.000000 -0.383490 98.130553 0.000000 -0.051989 0.037039 
73 0.519531 0.000000 -0.774353 97.270637 0.000000 7.468490 0.048264 
74 0.914062 0.000000 -0.383490 98.485602 0.000000 5.758844 0.026742 
75 0.519531 0.000000 0.007372 96.962089 0.000000 -15.314528 0.036382 
76 -0.664062 0.000000 0.789097 101.022326 0.000000 10.725767 -0.032055 
77 -1.453125 0.000000 0.789097 100.032057 0.000000 10.566447 -0.011806 
78 -0.664062 0.000000 1.570822 100.536771 0.000000 9.944540 -0.020654 
79 -0.269531 0.000000 -0.383490 96.100488 0.000000 12.093230 0.061845 
80 -0.664062 0.000000 -0.383490 98.261653 0.000000 11.688877 0.020802 
81 -0.269531 0.000000 -0.774353 97.093849 0.000000 10.257853 0.046756 
82 -0.269531 0.000000 0.007372 99.706545 0.000000 15.316264 -0.017598 
83 0.519531 0.000000 0.398235 102.589265 0.000000 5.146362 -0.055104 
84 0.125000 0.000000 0.398235 98.176755 0.000000 -0.051066 0.036132 
85 0.914062 0.000000 0.398235 100.749773 0.000000 5.675639 -0.018273 
86 0.519531 0.000000 0.789097 101.900726 0.000000 7.399057 -0.043850 
87 0.322266 0.000000 -0.188059 97.891307 0.000000 -2.506997 0.041101 
88 0.125000 0.000000 -0.188059 98.163570 0.000000 -0.053064 0.036391 
89 0.322266 0.000000 -0.383490 96.233321 0.000000 -18.625391 0.039224 
90 0.519531 0.000000 -0.188059 96.125188 0.000000 -18.935536 0.040139 
91 0.322266 0.000000 0.007372 97.820743 0.000000 -3.351841 0.041987 
92 -0.269531 0.000000 0.398235 103.001537 0.000000 12.106494 -0.075588 
93 -0.664062 0.000000 0.398235 100.819197 0.000000 11.685570 -0.030106 
94 -0.269531 0.000000 0.789097 102.014771 0.000000 10.240354 -0.051188 
95 -0.072266 0.000000 -0.188059 98.337497 0.000000 2.394583 0.032400 
96 -0.269531 0.000000 -0.188059 99.465870 0.000000 18.642093 -0.024099 
97 -0.072266 0.000000 -0.383490 99.514074 0.000000 18.373869 -0.024065 
98 -0.072266 0.000000 0.007372 98.419523 0.000000 3.233572 0.030314 
99 0.322266 0.000000 0.202803 97.937068 0.000000 -2.431769 0.040242 
100 0.125000 0.000000 0.202803 98.210716 0.000000 -0.052103 0.035465 
101 0.519531 0.000000 0.202803 96.162145 0.000000 -18.836187 0.039804 
102 0.322266 0.000000 0.398235 96.808599 0.000000 -16.394379 0.035932 
103 0.223633 0.000000 -0.090344 97.988377 0.000000 -1.984615 0.039434 
104 0.125000 0.000000 -0.090344 98.194478 0.000000 -0.053494 0.035784 
105 0.223633 0.000000 -0.188059 98.011146 0.000000 -1.538983 0.039145 
106 0.322266 0.000000 -0.090344 97.835805 0.000000 -3.103070 0.041853 
107 0.223633 0.000000 0.007372 97.766516 0.000000 -15.918691 0.018830 
108 9.593750 0.000000 -3.119528 99.529298 0.000000 9.469453 0.000425 
109 9.593750 0.000000 -6.246428 99.491011 0.000000 9.808967 0.000532 
110 12.750000 0.000000 -3.119528 99.534237 0.000000 9.536657 0.000199 
111 9.593750 0.000000 0.007372 99.710818 0.000000 7.821668 -0.000343 
112 4.859375 0.000000 -1.556078 99.542706 0.000000 8.656763 0.001631 
113 4.859375 0.000000 -3.119528 99.459290 0.000000 9.337272 0.002067 
114 6.437500 0.000000 -1.556078 99.575201 0.000000 8.776405 0.000775 
115 4.859375 0.000000 0.007372 99.753786 0.000000 7.128266 -0.000163 
116 2.492188 0.000000 -0.774353 99.446456 0.000000 7.617669 0.005237 
117 2.492188 0.000000 -1.556078 99.306509 0.000000 8.431135 0.006713 
118 3.281250 0.000000 -0.774353 99.556138 0.000000 7.804894 0.002766 
119 2.492188 0.000000 0.007372 99.730826 0.000000 6.555760 0.001078 
120 1.308594 0.000000 -0.383490 99.113999 0.000000 6.318869 0.013649 
121 1.308594 0.000000 -0.774353 98.825854 0.000000 7.187568 0.018179 
122 1.703125 0.000000 -0.383490 99.371313 0.000000 6.671798 0.008083 
123 1.308594 0.000000 0.007372 99.663244 0.000000 5.695415 0.003480 
124 0.716797 0.000000 -0.188059 98.422624 0.000000 4.323294 0.029430 
125 0.716797 0.000000 -0.383490 97.807288 0.000000 5.413804 0.040443 
126 0.914062 0.000000 -0.188059 98.953564 0.000000 5.079604 0.018239 
127 0.716797 0.000000 0.007372 99.603913 0.000000 3.774840 0.006481 
128 0.420898 0.000000 -0.090344 97.785256 0.000000 -3.374031 0.042666 
129 0.420898 0.000000 -0.188059 97.595043 0.000000 -11.693256 0.033848 
130 0.519531 0.000000 -0.090344 96.580741 0.000000 -17.102550 0.037966 
131 0.420898 0.000000 0.007372 97.770495 0.000000 -3.568089 0.042820 
132 -0.072266 0.000000 0.202803 98.368715 0.000000 2.322010 0.031820 
133 -0.269531 0.000000 0.202803 99.482967 0.000000 18.560407 -0.024135 
134 -0.072266 0.000000 0.398235 99.708955 0.000000 16.372783 -0.020994 
135 0.223633 0.000000 0.105088 98.023100 0.000000 -1.938697 0.038771 
136 0.125000 0.000000 0.105088 98.226383 0.000000 -0.052831 0.035157 
137 0.322266 0.000000 0.105088 97.866753 0.000000 -3.043238 0.041284 
138 0.223633 0.000000 0.202803 98.061226 0.000000 -1.485398 0.038179 
139 0.272949 0.000000 -0.041486 97.887883 0.000000 -2.853680 0.040982 
140 0.223633 0.000000 -0.041486 97.984817 0.000000 -2.135366 0.039442 
141 0.272949 0.000000 -0.090344 97.899277 0.000000 -2.667404 0.040862 
142 0.322266 0.000000 -0.041486 97.820524 0.000000 -3.294369 0.042029 
143 0.272949 0.000000 0.007372 97.890077 0.000000 -2.910272 0.040906 
144 0.026367 0.000000 -0.090344 98.339092 0.000000 1.873365 0.032591 
145 -0.072266 0.000000 -0.090344 98.389892 0.000000 2.986207 0.031051 
146 0.026367 0.000000 -0.188059 98.281313 0.000000 1.430398 0.033874 
147 0.026367 0.000000 0.007372 100.568376 0.000000 15.195793 -0.034491 
148 0.174316 0.000000 -0.041486 98.098925 0.000000 -1.167834 0.037524 
149 0.125000 0.000000 -0.041486 98.210349 0.000000 -0.053529 0.035472 
150 0.174316 0.000000 -0.090344 98.092366 0.000000 -1.083108 0.037671 
151 0.174316 0.000000 0.007372 99.547732 0.000000 -5.485214 0.006016 
152 9.593750 0.000000 3.134272 99.617700 0.000000 8.923067 -0.000331 
153 12.750000 0.000000 3.134272 99.627816 0.000000 8.758653 -0.000242 
154 9.593750 0.000000 6.261172 99.548927 0.000000 9.687361 -0.000383 
155 4.859375 0.000000 1.570822 99.722577 0.000000 8.106117 -0.001030 
156 6.437500 0.000000 1.570822 99.714294 0.000000 7.990889 -0.000679 
157 4.859375 0.000000 3.134272 99.657917 0.000000 9.097928 -0.001447 
158 2.492188 0.000000 0.789097 99.866309 0.000000 7.288663 -0.002640 
159 3.281250 0.000000 0.789097 99.798074 0.000000 7.314747 -0.001316 
160 2.492188 0.000000 1.570822 99.892644 0.000000 8.189694 -0.004561 
161 1.308594 0.000000 0.398235 100.171034 0.000000 6.186292 -0.007251 
162 1.703125 0.000000 0.398235 99.952625 0.000000 6.479340 -0.003251 
163 1.308594 0.000000 0.789097 100.405451 0.000000 7.044997 -0.013089 
164 0.716797 0.000000 0.202803 100.787118 0.000000 4.276239 -0.017633 
165 0.914062 0.000000 0.202803 100.298111 0.000000 5.025296 -0.008496 
166 0.716797 0.000000 0.398235 101.400946 0.000000 5.342833 -0.031070 
167 0.420898 0.000000 0.105088 97.875065 0.000000 -4.810233 0.039733 
168 0.519531 0.000000 0.105088 96.603567 0.000000 -17.037375 0.037748 
169 0.420898 0.000000 0.202803 97.642794 0.000000 -11.540609 0.033270 
170 0.272949 0.000000 0.056230 97.906494 0.000000 -2.820241 0.040636 
171 0.223633 0.000000 0.056230 98.004043 0.000000 -2.108345 0.039076 
172 0.322266 0.000000 0.056230 97.837506 0.000000 -3.260019 0.041719 
173 0.272949 0.000000 0.105088 97.932947 0.000000 -2.610024 0.040233 
174 0.248291 0.000000 -0.017057 97.933422 0.000000 -2.572639 0.040243 
175 0.223633 0.000000 -0.017057 97.986313 0.000000 -2.173344 0.039396 
176 0.248291 0.000000 -0.041486 97.933166 0.000000 -2.529288 0.040270 
177 0.272949 0.000000 -0.017057 97.887118 0.000000 -2.900274 0.040970 
178 0.248291 0.000000 0.007372 97.936811 0.000000 -2.581970 0.040171 
179 0.026367 0.000000 0.105088 98.364930 0.000000 1.829210 0.032099 
180 -0.072266 0.000000 0.105088 98.409267 0.000000 2.928492 0.030704 
181 0.026367 0.000000 0.202803 98.321062 0.000000 1.379104 0.033107 
182 0.174316 0.000000 0.056230 98.117687 0.000000 -1.152569 0.037159 
183 0.125000 0.000000 0.056230 98.227853 0.000000 -0.053163 0.035129 
184 0.174316 0.000000 0.105088 98.126361 0.000000 -1.057271 0.037010 
185 0.198975 0.000000 0.031801 98.053582 0.000000 -1.697122 0.038261 
186 0.174316 0.000000 0.031801 99.152687 0.000000 -3.033361 0.015954 
187 0.198975 0.000000 0.007372 98.930146 0.000000 -9.178212 0.012859 
188 0.223633 0.000000 0.031801 97.996191 0.000000 -2.159238 0.039208 
189 0.198975 0.000000 0.056230 98.060008 0.000000 -1.656189 0.038149 
190 0.075684 0.000000 0.056230 98.316982 0.000000 1.044877 0.033268 
191 0.026367 0.000000 0.056230 98.376644 0.000000 1.997345 0.031805 
192 0.075684 0.000000 0.007372 100.437213 0.000000 5.647600 -0.011953 
193 0.075684 0.000000 0.105088 98.308405 0.000000 0.950504 0.033455 
194 0.149658 0.000000 0.031801 99.698897 0.000000 -2.161194 0.005546 
195 0.125000 0.000000 0.031801 99.911357 0.000000 0.404984 0.001756 
196 0.149658 0.000000 0.007372 99.916060 0.000000 -2.384239 0.001110 
197 0.149658 0.000000 0.056230 98.174459 0.000000 -0.612308 0.036140 
198 0.198975 0.000000 -0.017057 98.043763 0.000000 -1.708464 0.038450 
199 0.174316 0.000000 -0.017057 98.103200 0.000000 -1.189246 0.037435 
200 0.198975 0.000000 -0.041486 98.040892 0.000000 -1.677901 0.038517 
201 0.186646 0.000000 0.019586 99.449114 0.000000 -6.634019 0.006586 
202 0.174316 0.000000 0.019586 99.562272 0.000000 -5.402432 0.005817 
203 0.186646 0.000000 0.007372 99.507375 0.000000 -7.195265 0.004651 
204 0.198975 0.000000 0.019586 98.922471 0.000000 -8.529789 0.014159 
205 0.186646 0.000000 0.031801 98.834350 0.000000 -5.025489 0.020652 
206 0.075684 0.000000 -0.041486 98.301157 0.000000 1.059324 0.033576 
207 0.026367 0.000000 -0.041486 98.362652 0.000000 2.023351 0.032069 
208 0.075684 0.000000 -0.090344 98.279368 0.000000 0.974883 0.034022 
209 0.100342 0.000000 0.031801 99.583987 0.000000 1.570551 0.008056 
210 0.075684 0.000000 0.031801 99.612047 0.000000 3.401721 0.006587 
211 0.100342 0.000000 0.007372 100.292612 0.000000 3.026691 -0.006777 
212 0.100342 0.000000 0.056230 98.275830 0.000000 0.505628 0.034161 
213 -9.343750 0.000000 3.134272 99.516220 0.000000 10.042495 -0.000433 
214 -12.500000 0.000000 3.134272 99.506010 0.000000 10.033672 -0.000212 
215 -9.343750 0.000000 0.007372 99.499321 0.000000 10.049241 -0.000110 
216 -9.343750 0.000000 6.261172 99.522049 0.000000 10.030653 -0.000525 
217 -4.609375 0.000000 1.570822 99.570886 0.000000 10.116459 -0.001670 
218 -6.187500 0.000000 1.570822 99.531591 0.000000 10.077253 -0.000809 
219 -4.609375 0.000000 0.007372 99.504944 0.000000 10.141630 -0.000409 
220 -4.609375 0.000000 3.134272 99.591999 0.000000 10.065665 -0.001988 
221 -2.242188 0.000000 0.789097 99.727718 0.000000 10.353651 -0.005282 
222 -3.031250 0.000000 0.789097 99.615580 0.000000 10.234227 -0.002800 
223 -2.242188 0.000000 0.007372 99.517225 0.000000 10.433465 -0.001254 
224 -2.242188 0.000000 1.570822 99.814822 0.000000 10.201194 -0.006706 
225 -1.058594 0.000000 0.398235 100.112761 0.000000 11.113733 -0.014608 
226 -1.453125 0.000000 0.398235 99.835357 0.000000 10.763094 -0.008294 
227 -1.058594 0.000000 0.007372 99.533017 0.000000 11.326094 -0.003510 
228 -1.058594 0.000000 0.789097 100.377868 0.000000 10.691528 -0.019003 
229 -0.466797 0.000000 0.202803 100.950171 0.000000 13.035046 -0.036085 
230 -0.664062 0.000000 0.202803 100.313807 0.000000 12.176624 -0.021113 
231 -0.466797 0.000000 0.007372 99.539090 0.000000 13.558066 -0.009185 
232 -0.466797 0.000000 0.398235 101.604058 0.000000 12.022555 -0.046793 
233 -0.170898 0.000000 0.105088 98.834959 0.000000 5.024270 0.020641 
234 -0.269531 0.000000 0.105088 99.718139 0.000000 15.232791 -0.017575 
235 -0.170898 0.000000 0.007372 98.409028 0.000000 3.449578 0.030376 
236 -0.170898 0.000000 0.202803 99.649524 0.000000 9.939892 -0.002883 
237 -0.022949 0.000000 0.056230 98.408372 0.000000 2.705693 0.030847 
238 -0.072266 0.000000 0.056230 98.419444 0.000000 3.143042 0.030373 
239 -0.022949 0.000000 0.007372 98.408455 0.000000 2.794513 0.030797 
240 -0.022949 0.000000 0.105088 98.396642 0.000000 2.497509 0.031186 
241 0.051025 0.000000 0.031801 99.576771 0.000000 4.918168 0.006028 
242 0.026367 0.000000 0.031801 98.378069 0.000000 2.047670 0.031756 
243 0.051025 0.000000 0.007372 100.518926 0.000000 8.804063 -0.018157 
244 0.051025 0.000000 0.056230 98.350601 0.000000 1.546985 0.032477 
245 -9.343750 0.000000 -3.119528 99.482109 0.000000 10.043179 0.000244 
246 -12.500000 0.000000 -3.119528 99.490505 0.000000 10.033992 0.000096 
247 -9.343750 0.000000 -6.246428 99.475560 0.000000 10.031738 0.000398 
248 -4.609375 0.000000 -1.556078 99.438117 0.000000 10.118542 0.000968 
249 -6.187500 0.000000 -1.556078 99.471819 0.000000 10.078306 0.000378 
250 -4.609375 0.000000 -3.119528 99.414954 0.000000 10.069125 0.001528 
251 -2.242188 0.000000 -0.774353 99.305478 0.000000 10.358217 0.003113 
252 -3.031250 0.000000 -0.774353 99.406528 0.000000 10.236957 0.001355 
253 -2.242188 0.000000 -1.556078 99.215452 0.000000 10.209451 0.005206 
254 -1.058594 0.000000 -0.383490 98.953272 0.000000 11.118506 0.008463 
255 -1.453125 0.000000 -0.383490 99.218776 0.000000 10.763487 0.003978 
256 -1.058594 0.000000 -0.774353 98.686787 0.000000 10.701907 0.014639 
257 -0.466797 0.000000 -0.188059 98.131393 0.000000 13.031807 0.020040 
258 -0.664062 0.000000 -0.188059 98.764600 0.000000 12.177388 0.009726 
259 -0.466797 0.000000 -0.383490 97.485176 0.000000 12.021482 0.035212 
260 -0.170898 0.000000 -0.090344 98.388868 0.000000 3.256607 0.030903 
261 -0.269531 0.000000 -0.090344 99.613227 0.000000 16.990407 -0.021147 
262 -0.170898 0.000000 -0.188059 99.723096 0.000000 11.754244 -0.008286 
263 -0.022949 0.000000 -0.041486 98.396237 0.000000 2.737946 0.031068 
264 -0.072266 0.000000 -0.041486 98.409105 0.000000 3.176164 0.030556 
265 -0.022949 0.000000 -0.090344 98.374080 0.000000 2.552853 0.031602 
266 0.001709 0.000000 0.031801 98.397212 0.000000 2.442978 0.031202 
267 -0.022949 0.000000 0.031801 98.409985 0.000000 2.767573 0.030782 
268 0.001709 0.000000 0.007372 98.395519 0.000000 2.468025 0.031223 
269 0.001709 0.000000 0.056230 98.395613 0.000000 2.385477 0.031261 
270 0.051025 0.000000 -0.017057 98.344005 0.000000 1.598326 0.032590 
271 0.026367 0.000000 -0.017057 98.370924 0.000000 2.061247 0.031891 
272 0.051025 0.000000 -0.041486 98.335683 0.000000 1.567786 0.032764 
273 0.075684 0.000000 -0.017057 98.309250 0.000000 1.080766 0.033412 
274 0.038696 0.000000 0.019586 100.314633 0.000000 8.982576 -0.014371 
275 0.026367 0.000000 0.019586 99.758651 0.000000 7.759828 -0.001200 
276 0.038696 0.000000 0.007372 100.904532 0.000000 12.171192 -0.032986 
277 0.051025 0.000000 0.019586 100.365546 0.000000 8.303408 -0.014219 
278 0.038696 0.000000 0.031801 98.365807 0.000000 1.825110 0.032084 
279 0.001709 0.000000 -0.017057 98.390548 0.000000 2.458543 0.031326 
280 -0.022949 0.000000 -0.017057 98.403799 0.000000 2.784365 0.030894 
281 0.001709 0.000000 -0.041486 98.382552 0.000000 2.415326 0.031504 
282 0.014038 0.000000 -0.004842 99.440908 0.000000 16.076338 -0.014694 
283 0.001709 0.000000 -0.004842 98.393433 0.000000 2.467619 0.031264 
284 0.014038 0.000000 -0.017057 98.381596 0.000000 2.268588 0.031591 
285 0.026367 0.000000 -0.004842 99.801224 0.000000 11.311116 -0.008823 
286 0.014038 0.000000 0.007372 99.998466 0.000000 19.625074 -0.038484 
287 2.097656 0.000000 0.398235 99.860875 0.000000 6.640450 -0.001629 
288 2.097656 0.000000 0.007372 99.708500 0.000000 6.387305 0.001742 
289 2.492188 0.000000 0.398235 99.822453 0.000000 6.726421 -0.000977 
290 2.097656 0.000000 0.789097 99.955288 0.000000 7.224650 -0.004326 
291 2.097656 0.000000 -0.383490 99.501900 0.000000 6.914741 0.005156 
292 2.097656 0.000000 -0.774353 99.332561 0.000000 7.482735 0.007705 
293 2.492188 0.000000 -0.383490 99.576405 0.000000 7.089640 0.003428 
294 0.149658 0.000000 -0.017057 98.161840 0.000000 -0.631335 0.036385 
295 0.125000 0.000000 -0.017057 98.217056 0.000000 -0.053488 0.035341 
296 0.149658 0.000000 -0.041486 98.156252 0.000000 -0.620325 0.036497 
297 0.248291 0.000000 0.031801 97.943214 0.000000 -2.556494 0.040059 
298 0.272949 0.000000 0.031801 97.896676 0.000000 -2.882864 0.040793 
299 0.248291 0.000000 0.056230 97.952225 0.000000 -2.498326 0.039912 
300 0.100342 0.000000 -0.017057 98.266688 0.000000 0.523966 0.034338 
301 0.100342 0.000000 -0.041486 98.259134 0.000000 0.512889 0.034488 
302 0.014038 0.000000 0.019586 98.388025 0.000000 2.269757 0.031464 
303 0.001709 0.000000 0.019586 98.396782 0.000000 2.459753 0.031202 
304 0.014038 0.000000 0.031801 98.388501 0.000000 2.253922 0.031462 
305 0.038696 0.000000 -0.004842 99.856495 0.000000 8.093711 -0.003683 
306 0.038696 0.000000 -0.017057 98.358421 0.000000 1.837418 0.032224 
307 0.051025 0.000000 -0.004842 99.721107 0.000000 5.326110 0.002733 
1 7 12 10 11 
2 12 2 13 10 
3 1 17 15 16 
4 17 7 11 15 
5 19 21 3 22 
6 20 19 22 9 
7 11 25 23 24 
8 25 10 26 23 
9 28 20 9 30 
10 29 28 30 4 
11 15 33 31 32 
12 33 11 24 31 
13 35 37 19 38 
14 36 35 38 20 
15 24 41 39 40 
16 41 23 42 39 
17 44 36 20 46 
18 45 44 46 28 
19 31 49 47 48 
20 49 24 40 47 
21 51 53 35 54 
22 52 51 54 36 
23 40 57 55 56 
24 57 39 58 55 
25 60 52 36 62 
26 61 60 62 44 
27 47 65 63 64 
28 65 40 56 63 
29 67 69 51 70 
30 68 67 70 52 
31 56 73 71 72 
32 73 55 74 71 
33 76 68 52 78 
34 77 76 78 60 
35 63 81 79 80 
36 81 56 72 79 
37 83 85 67 86 
38 84 83 86 68 
39 72 89 87 88 
40 89 71 90 87 
41 92 84 68 94 
42 93 92 94 76 
43 79 97 95 96 
44 97 72 88 95 
45 99 101 83 102 
46 100 99 102 84 
47 88 105 103 104 
48 105 87 106 103 
49 10 109 108 26 
50 109 13 110 108 
51 108 110 8 111 
52 26 108 111 14 
53 23 113 112 42 
54 113 26 114 112 
55 112 114 14 115 
56 42 112 115 27 
57 39 117 116 58 
58 117 42 118 116 
59 116 118 27 119 
60 55 121 120 74 
61 121 58 122 120 
62 120 122 43 123 
63 74 120 123 59 
64 71 125 124 90 
65 125 74 126 124 
66 124 126 59 127 
67 90 124 127 75 
68 87 129 128 106 
69 129 90 130 128 
70 128 130 75 131 
71 106 128 131 91 
72 132 100 84 134 
73 133 132 134 92 
74 135 137 99 138 
75 136 135 138 100 
76 103 141 139 140 
77 141 106 142 139 
78 139 142 91 143 
79 95 146 144 145 
80 146 88 104 144 
81 104 150 148 149 
82 150 103 140 148 
83 14 111 152 37 
84 111 8 153 152 
85 152 153 21 154 
86 37 152 154 19 
87 27 115 155 53 
88 115 14 156 155 
89 155 156 37 157 
90 53 155 157 35 
91 119 27 159 158 
92 158 159 53 160 
93 69 158 160 51 
94 59 123 161 85 
95 123 43 162 161 
96 161 162 69 163 
97 85 161 163 67 
98 75 127 164 101 
99 127 59 165 164 
100 164 165 85 166 
101 101 164 166 83 
102 91 131 167 137 
103 131 75 168 167 
104 167 168 101 169 
105 137 167 169 99 
106 143 91 172 170 
107 170 172 137 173 
108 171 170 173 135 
109 140 176 174 175 
110 176 139 177 174 
111 174 177 143 178 
112 175 174 178 107 
113 179 136 100 181 
114 180 179 181 132 
115 182 171 135 184 
116 183 182 184 136 
117 187 107 188 185 
118 185 188 171 189 
119 186 185 189 182 
120 190 183 136 193 
121 191 190 193 179 
122 5 196 194 195 
123 196 151 186 194 
124 194 186 182 197 
125 195 194 197 183 
126 148 200 198 199 
127 200 140 175 198 
128 198 175 107 187 
129 199 198 187 151 
130 151 203 201 202 
131 203 187 204 201 
132 201 204 185 205 
133 202 201 205 186 
134 144 208 206 207 
135 208 104 149 206 
136 192 211 209 210 
137 211 5 195 209 
138 209 195 183 212 
139 210 209 212 190 
140 6 215 213 214 
141 215 18 45 213 
142 213 45 28 216 
143 214 213 216 29 
144 18 219 217 218 
145 219 34 61 217 
146 217 61 44 220 
147 218 217 220 45 
148 34 223 221 222 
149 223 50 77 221 
150 221 77 60 224 
151 222 221 224 61 
152 50 227 225 226 
153 227 66 93 225 
154 225 93 76 228 
155 226 225 228 77 
156 66 231 229 230 
157 231 82 133 229 
158 229 133 92 232 
159 230 229 232 93 
160 82 235 233 234 
161 235 98 180 233 
162 233 180 132 236 
163 234 233 236 133 
164 98 239 237 238 
165 237 191 179 240 
166 238 237 240 180 
167 243 192 210 241 
168 241 210 190 244 
169 242 241 244 191 
170 16 247 245 246 
171 247 15 32 245 
172 245 32 18 215 
173 246 245 215 6 
174 32 250 248 249 
175 250 31 48 248 
176 248 48 34 219 
177 249 248 219 18 
178 48 253 251 252 
179 253 47 64 251 
180 251 64 50 223 
181 252 251 223 34 
182 64 256 254 255 
183 256 63 80 254 
184 254 80 66 227 
185 255 254 227 50 
186 80 259 257 258 
187 259 79 96 257 
188 257 96 82 231 
189 258 257 231 66 
190 96 262 260 261 
191 262 95 145 260 
192 260 145 98 235 
193 261 260 235 82 
194 145 265 263 264 
195 265 144 207 263 
196 264 263 239 98 
197 239 268 266 267 
198 266 242 191 269 
199 267 266 269 237 
200 207 272 270 271 
201 272 206 273 270 
202 270 273 192 243 
203 147 276 274 275 
204 276 243 277 274 
205 274 277 241 278 
206 275 274 278 242 
207 263 281 279 280 
208 281 207 271 279 
209 280 279 268 239 
210 279 284 282 283 
211 284 271 285 282 
212 282 285 147 286 
213 283 282 286 268 
214 43 288 287 162 
215 288 119 289 287 
216 287 289 158 290 
217 162 287 290 69 
218 58 292 291 122 
219 292 116 293 291 
220 291 293 119 288 
221 122 291 288 43 
222 149 296 294 295 
223 296 148 199 294 
224 294 199 151 196 
225 295 294 196 5 
226 107 178 297 188 
227 178 143 298 297 
228 297 298 170 299 
229 188 297 299 171 
230 206 301 300 273 
231 301 149 295 300 
232 300 295 5 211 
233 273 300 211 192 
234 268 286 302 303 
235 286 147 275 302 
236 302 275 242 304 
237 303 302 304 266 
238 271 306 305 285 
239 306 270 307 305 
240 305 307 243 276 
241 285 305 276 147 
