2 0.000000 100.000000 1057.418842
307 241 
1 -12.500000 0.000000 -12.500228 99.440677 0.000000 10.455491 0.000223 
2 12.750000 0.000000 -12.500228 99.444702 0.000000 10.392759 0.000274 
3 12.750000 0.000000 12.514972 99.472268 0.000000 10.365284 -0.000217 
4 -12.500000 0.000000 12.514972 99.465653 0.000000 10.454732 -0.000272 
5 0.125000 0.000000 0.007372 100.136777 0.000000 0.419722 -0.002755 
6 -12.500000 0.000000 0.007372 99.453752 0.000000 10.470427 -0.000068 
7 0.125000 0.000000 -12.500228 99.419932 0.000000 10.420896 0.000708 
8 12.750000 0.000000 0.007372 99.642690 0.000000 8.601079 -0.000264 
9 0.125000 0.000000 12.514972 99.491116 0.000000 10.414804 -0.000695 
10 6.437500 0.000000 -6.246428 99.421499 0.000000 10.227129 0.001077 
11 0.125000 0.000000 -6.246428 99.324426 0.000000 10.332911 0.002789 
12 6.437500 0.000000 -12.500228 99.431385 0.000000 10.396650 0.000531 
13 12.750000 0.000000 -6.246428 99.457425 0.000000 10.258007 0.000299 
14 6.437500 0.000000 0.007372 99.709782 0.000000 7.814735 -0.000311 
15 -6.187500 0.000000 -6.246428 99.406772 0.000000 10.463512 0.000881 
16 -12.500000 0.000000 -6.246428 99.441052 0.000000 10.463584 0.000199 
17 -6.187500 0.000000 -12.500228 99.428635 0.000000 10.447244 0.000480 
18 -6.187500 0.000000 0.007372 99.457571 0.000000 10.521664 -0.000251 
19 6.437500 0.000000 6.261172 99.526213 0.000000 10.143514 -0.000836 
20 0.125000 0.000000 6.261172 99.602684 0.000000 10.312941 -0.002705 
21 12.750000 0.000000 6.261172 99.501129 0.000000 10.075963 -0.000200 
22 6.437500 0.000000 12.514972 99.483117 0.000000 10.381830 -0.000467 
23 3.281250 0.000000 -3.119528 99.327324 0.000000 9.737036 0.003927 
24 0.125000 0.000000 -3.119528 99.021060 0.000000 10.088788 0.009305 
25 3.281250 0.000000 -6.246428 99.371060 0.000000 10.241336 0.002051 
26 6.437500 0.000000 -3.119528 99.459821 0.000000 9.808928 0.001153 
27 3.281250 0.000000 0.007372 99.717642 0.000000 7.189245 0.000471 
28 -6.187500 0.000000 6.261172 99.504615 0.000000 10.460889 -0.001060 
29 -12.500000 0.000000 6.261172 99.466028 0.000000 10.462992 -0.000296 
30 -6.187500 0.000000 12.514972 99.479383 0.000000 10.445159 -0.000525 
31 -3.031250 0.000000 -3.119528 99.281242 0.000000 10.495402 0.003308 
32 -6.187500 0.000000 -3.119528 99.408528 0.000000 10.495289 0.000779 
33 -3.031250 0.000000 -6.246428 99.360620 0.000000 10.432351 0.001863 
34 -3.031250 0.000000 0.007372 99.467814 0.000000 10.704129 -0.000842 
35 3.281250 0.000000 3.134272 99.689055 0.000000 9.571631 -0.002952 
36 0.125000 0.000000 3.134272 99.943941 0.000000 10.045361 -0.008970 
37 6.437500 0.000000 3.134272 99.591049 0.000000 9.449969 -0.000768 
38 3.281250 0.000000 6.261172 99.567872 0.000000 10.196287 -0.001773 
39 1.703125 0.000000 -1.556078 98.988132 0.000000 8.792220 0.012405 
40 0.125000 0.000000 -1.556078 98.195794 0.000000 9.673457 0.026401 
41 1.703125 0.000000 -3.119528 99.157403 0.000000 9.802960 0.007171 
42 3.281250 0.000000 -1.556078 99.396496 0.000000 8.922931 0.004072 
43 1.703125 0.000000 0.007372 99.654473 0.000000 6.507186 0.002664 
44 -3.031250 0.000000 3.134272 99.646228 0.000000 10.487657 -0.003936 
45 -6.187500 0.000000 3.134272 99.505286 0.000000 10.493308 -0.001141 
46 -3.031250 0.000000 6.261172 99.556418 0.000000 10.425457 -0.002017 
47 -1.453125 0.000000 -1.556078 98.903684 0.000000 10.645141 0.010474 
48 -3.031250 0.000000 -1.556078 99.293906 0.000000 10.610888 0.002813 
49 -1.453125 0.000000 -3.119528 99.126868 0.000000 10.392232 0.006587 
50 -1.453125 0.000000 0.007372 99.484504 0.000000 11.297885 -0.002481 
51 1.703125 0.000000 1.570822 100.104354 0.000000 8.619409 -0.009518 
52 0.125000 0.000000 1.570822 100.823641 0.000000 9.617045 -0.025789 
53 3.281250 0.000000 1.570822 99.755188 0.000000 8.564786 -0.002445 
54 1.703125 0.000000 3.134272 99.834596 0.000000 9.709974 -0.006123 
55 0.914062 0.000000 -0.774353 98.167480 0.000000 7.495453 0.030696 
56 0.125000 0.000000 -0.774353 96.448814 0.000000 9.212702 0.061275 
57 0.914062 0.000000 -1.556078 98.540376 0.000000 8.984889 0.020907 
58 1.703125 0.000000 -0.774353 99.108345 0.000000 7.740780 0.011762 
59 0.914062 0.000000 0.007372 99.595303 0.000000 5.107757 0.005469 
60 -1.453125 0.000000 1.570822 100.055609 0.000000 10.629812 -0.012412 
61 -3.031250 0.000000 1.570822 99.639263 0.000000 10.605501 -0.004046 
62 -1.453125 0.000000 3.134272 99.815140 0.000000 10.374057 -0.007068 
63 -0.664062 0.000000 -0.774353 97.986421 0.000000 11.189106 0.027347 
64 -1.453125 0.000000 -0.774353 98.965951 0.000000 11.021127 0.008428 
65 -0.664062 0.000000 -1.556078 98.468061 0.000000 10.404875 0.019578 
66 -0.664062 0.000000 0.007372 99.497788 0.000000 12.875239 -0.006558 
67 0.914062 0.000000 0.789097 100.957691 0.000000 7.386869 -0.024702 
68 0.125000 0.000000 0.789097 102.617421 0.000000 9.171637 -0.061445 
69 1.703125 0.000000 0.789097 100.081164 0.000000 7.530252 -0.007294 
70 0.914062 0.000000 1.570822 100.516702 0.000000 8.880105 -0.018246 
71 0.519531 0.000000 -0.383490 96.509852 0.000000 5.568460 0.065484 
72 0.125000 0.000000 -0.383490 98.143702 0.000000 -0.036184 0.036781 
73 0.519531 0.000000 -0.774353 97.187389 0.000000 7.856216 0.049289 
74 0.914062 0.000000 -0.383490 98.428702 0.000000 6.123176 0.027430 
75 0.519531 0.000000 0.007372 96.914871 0.000000 -15.302466 0.037334 
76 -0.664062 0.000000 0.789097 101.013134 0.000000 11.174525 -0.032852 
77 -1.453125 0.000000 0.789097 100.000797 0.000000 11.012397 -0.012143 
78 -0.664062 0.000000 1.570822 100.516528 0.000000 10.376306 -0.021124 
79 -0.269531 0.000000 -0.383490 95.984691 0.000000 12.571247 0.062890 
80 -0.664062 0.000000 -0.383490 98.192470 0.000000 12.159982 0.021037 
81 -0.269531 0.000000 -0.774353 97.001440 0.000000 10.697718 0.047628 
82 -0.269531 0.000000 0.007372 99.777430 0.000000 15.333500 -0.019065 
83 0.519531 0.000000 0.398235 102.605386 0.000000 5.491592 -0.055802 
84 0.125000 0.000000 0.398235 98.189707 0.000000 -0.035477 0.035878 
85 0.914062 0.000000 0.398235 100.735410 0.000000 6.032187 -0.018401 
86 0.519531 0.000000 0.789097 101.907417 0.000000 7.781348 -0.044567 
87 0.322266 0.000000 -0.188059 97.895205 0.000000 -2.491521 0.041032 
88 0.125000 0.000000 -0.188059 98.176561 0.000000 -0.037420 0.036136 
89 0.322266 0.000000 -0.383490 96.176213 0.000000 -18.611325 0.040375 
90 0.519531 0.000000 -0.188059 96.067379 0.000000 -18.921154 0.041305 
91 0.322266 0.000000 0.007372 97.821389 0.000000 -3.336531 0.041984 
92 -0.269531 0.000000 0.398235 103.037019 0.000000 12.582968 -0.077496 
93 -0.664062 0.000000 0.398235 100.806384 0.000000 12.155718 -0.030969 
94 -0.269531 0.000000 0.789097 102.026264 0.000000 10.677933 -0.052338 
95 -0.072266 0.000000 -0.188059 98.360017 0.000000 2.410870 0.031949 
96 -0.269531 0.000000 -0.188059 99.552987 0.000000 18.662685 -0.025909 
97 -0.072266 0.000000 -0.383490 99.599947 0.000000 18.394045 -0.025849 
98 -0.072266 0.000000 0.007372 98.445240 0.000000 3.249976 0.029797 
99 0.322266 0.000000 0.202803 97.941054 0.000000 -2.416462 0.040171 
100 0.125000 0.000000 0.202803 98.223501 0.000000 -0.036681 0.035214 
101 0.519531 0.000000 0.202803 96.104546 0.000000 -18.821912 0.040965 
102 0.322266 0.000000 0.398235 96.757661 0.000000 -16.381962 0.036959 
103 0.223633 0.000000 -0.090344 97.994007 0.000000 -1.969291 0.039330 
104 0.125000 0.000000 -0.090344 98.207323 0.000000 -0.037999 0.035532 
105 0.223633 0.000000 -0.188059 98.018564 0.000000 -1.523501 0.039004 
106 0.322266 0.000000 -0.090344 97.837440 0.000000 -3.087685 0.041830 
107 0.223633 0.000000 0.007372 97.711054 0.000000 -15.908236 0.019948 
108 9.593750 0.000000 -3.119528 99.486730 0.000000 9.899494 0.000439 
109 9.593750 0.000000 -6.246428 99.446793 0.000000 10.240402 0.000547 
110 12.750000 0.000000 -3.119528 99.491457 0.000000 9.969292 0.000206 
111 9.593750 0.000000 0.007372 99.674917 0.000000 8.260149 -0.000332 
112 4.859375 0.000000 -1.556078 99.502729 0.000000 9.074460 0.001686 
113 4.859375 0.000000 -3.119528 99.415675 0.000000 9.761593 0.002123 
114 6.437500 0.000000 -1.556078 99.535549 0.000000 9.199248 0.000805 
115 4.859375 0.000000 0.007372 99.721722 0.000000 7.544126 -0.000134 
116 2.492188 0.000000 -0.774353 99.406325 0.000000 8.016885 0.005411 
117 2.492188 0.000000 -1.556078 99.261607 0.000000 8.839475 0.006900 
118 3.281250 0.000000 -0.774353 99.518298 0.000000 8.210049 0.002870 
119 2.492188 0.000000 0.007372 99.699479 0.000000 6.945068 0.001178 
120 1.308594 0.000000 -0.383490 99.068743 0.000000 6.695778 0.014055 
121 1.308594 0.000000 -0.774353 98.773347 0.000000 7.574568 0.018645 
122 1.703125 0.000000 -0.383490 99.331067 0.000000 7.057185 0.008354 
123 1.308594 0.000000 0.007372 99.630061 0.000000 6.062605 0.003710 
124 0.716797 0.000000 -0.188059 98.366351 0.000000 4.663933 0.030231 
125 0.716797 0.000000 -0.383490 97.738339 0.000000 5.770236 0.041392 
126 0.914062 0.000000 -0.188059 98.906344 0.000000 5.434778 0.018800 
127 0.716797 0.000000 0.007372 99.568665 0.000000 4.106482 0.006922 
128 0.420898 0.000000 -0.090344 97.785998 0.000000 -3.358568 0.042662 
129 0.420898 0.000000 -0.188059 97.560760 0.000000 -11.682366 0.034542 
130 0.519531 0.000000 -0.090344 96.528098 0.000000 -17.089472 0.039028 
131 0.420898 0.000000 0.007372 97.770483 0.000000 -3.552670 0.042831 
132 -0.072266 0.000000 0.202803 98.390830 0.000000 2.338109 0.031378 
133 -0.269531 0.000000 0.202803 99.569747 0.000000 18.580874 -0.025938 
134 -0.072266 0.000000 0.398235 99.784850 0.000000 16.390623 -0.022567 
135 0.223633 0.000000 0.105088 98.028752 0.000000 -1.923508 0.038666 
136 0.125000 0.000000 0.105088 98.239087 0.000000 -0.037487 0.034908 
137 0.322266 0.000000 0.105088 97.868482 0.000000 -3.027962 0.041259 
138 0.223633 0.000000 0.202803 98.068628 0.000000 -1.470120 0.038038 
139 0.272949 0.000000 -0.041486 97.890312 0.000000 -2.838395 0.040943 
140 0.223633 0.000000 -0.041486 97.989820 0.000000 -2.120115 0.039350 
141 0.272949 0.000000 -0.090344 97.902445 0.000000 -2.652062 0.040808 
142 0.322266 0.000000 -0.041486 97.821418 0.000000 -3.279025 0.042022 
143 0.272949 0.000000 0.007372 97.892252 0.000000 -2.895029 0.040873 
144 0.026367 0.000000 -0.090344 98.359432 0.000000 1.889330 0.032185 
145 -0.072266 0.000000 -0.090344 98.414680 0.000000 3.002602 0.030554 
146 0.026367 0.000000 -0.188059 98.300031 0.000000 1.446372 0.033501 
147 0.026367 0.000000 0.007372 100.655795 0.000000 15.212397 -0.036301 
148 0.174316 0.000000 -0.041486 98.107488 0.000000 -1.152551 0.037359 
149 0.125000 0.000000 -0.041486 98.223120 0.000000 -0.038111 0.035222 
150 0.174316 0.000000 -0.090344 98.101323 0.000000 -1.067742 0.037499 
151 0.174316 0.000000 0.007372 99.528442 0.000000 -5.479052 0.006407 
152 9.593750 0.000000 3.134272 99.582287 0.000000 9.314737 -0.000340 
153 12.750000 0.000000 3.134272 99.594709 0.000000 9.135015 -0.000255 
154 9.593750 0.000000 6.261172 99.507132 0.000000 10.110170 -0.000388 
155 4.859375 0.000000 1.570822 99.691358 0.000000 8.487787 -0.001041 
156 6.437500 0.000000 1.570822 99.684648 0.000000 8.363156 -0.000697 
157 4.859375 0.000000 3.134272 99.620739 0.000000 9.505526 -0.001465 
158 2.492188 0.000000 0.789097 99.837778 0.000000 7.665397 -0.002634 
159 3.281250 0.000000 0.789097 99.769577 0.000000 7.688711 -0.001308 
160 2.492188 0.000000 1.570822 99.862161 0.000000 8.581083 -0.004609 
161 1.308594 0.000000 0.398235 100.147265 0.000000 6.551618 -0.007240 
162 1.703125 0.000000 0.398235 99.925585 0.000000 6.849164 -0.003203 
163 1.308594 0.000000 0.789097 100.385244 0.000000 7.420773 -0.013227 
164 0.716797 0.000000 0.202803 100.772232 0.000000 4.612492 -0.017632 
165 0.914062 0.000000 0.202803 100.275725 0.000000 5.374748 -0.008411 
166 0.716797 0.000000 0.398235 101.397303 0.000000 5.693153 -0.031382 
167 0.420898 0.000000 0.105088 97.871585 0.000000 -4.795328 0.039816 
168 0.519531 0.000000 0.105088 96.551070 0.000000 -17.024362 0.038806 
169 0.420898 0.000000 0.202803 97.608891 0.000000 -11.529854 0.033957 
170 0.272949 0.000000 0.056230 97.908969 0.000000 -2.805023 0.040597 
171 0.223633 0.000000 0.056230 98.009064 0.000000 -2.093168 0.038984 
172 0.322266 0.000000 0.056230 97.838458 0.000000 -3.244734 0.041711 
173 0.272949 0.000000 0.105088 97.936187 0.000000 -2.594805 0.040177 
174 0.248291 0.000000 -0.017057 97.936817 0.000000 -2.557402 0.040184 
175 0.223633 0.000000 -0.017057 97.991145 0.000000 -2.158122 0.039308 
176 0.248291 0.000000 -0.041486 97.936749 0.000000 -2.514025 0.040207 
177 0.272949 0.000000 -0.017057 97.889351 0.000000 -2.885012 0.040935 
178 0.248291 0.000000 0.007372 97.940149 0.000000 -2.566755 0.040114 
179 0.026367 0.000000 0.105088 98.384989 0.000000 1.845026 0.031699 
180 -0.072266 0.000000 0.105088 98.433757 0.000000 2.944762 0.030212 
181 0.026367 0.000000 0.202803 98.339413 0.000000 1.394860 0.032741 
182 0.174316 0.000000 0.056230 98.126224 0.000000 -1.137365 0.036995 
183 0.125000 0.000000 0.056230 98.240546 0.000000 -0.037828 0.034879 
184 0.174316 0.000000 0.105088 98.135264 0.000000 -1.042050 0.036838 
185 0.198975 0.000000 0.031801 98.060110 0.000000 -1.681937 0.038139 
186 0.174316 0.000000 0.031801 99.146732 0.000000 -3.024201 0.016078 
187 0.198975 0.000000 0.007372 98.897692 0.000000 -9.170496 0.013515 
188 0.223633 0.000000 0.031801 98.001033 0.000000 -2.144054 0.039120 
189 0.198975 0.000000 0.056230 98.066680 0.000000 -1.641010 0.038023 
190 0.075684 0.000000 0.056230 98.333931 0.000000 1.060447 0.032931 
191 0.026367 0.000000 0.056230 98.397360 0.000000 2.013205 0.031391 
192 0.075684 0.000000 0.007372 100.462166 0.000000 5.653414 -0.012461 
193 0.075684 0.000000 0.105088 98.324994 0.000000 0.966059 0.033126 
194 0.149658 0.000000 0.031801 99.693187 0.000000 -2.154529 0.005663 
195 0.125000 0.000000 0.031801 99.914934 0.000000 0.411388 0.001684 
196 0.149658 0.000000 0.007372 99.908020 0.000000 -2.378799 0.001273 
197 0.149658 0.000000 0.056230 98.185024 0.000000 -0.597053 0.035934 
198 0.198975 0.000000 -0.017057 98.050292 0.000000 -1.693239 0.038327 
199 0.174316 0.000000 -0.017057 98.111650 0.000000 -1.173996 0.037273 
200 0.198975 0.000000 -0.041486 98.047566 0.000000 -1.662645 0.038391 
201 0.186646 0.000000 0.019586 99.425237 0.000000 -6.627828 0.007069 
202 0.174316 0.000000 0.019586 99.543270 0.000000 -5.396310 0.006202 
203 0.186646 0.000000 0.007372 99.480631 0.000000 -7.189594 0.005191 
204 0.198975 0.000000 0.019586 98.893011 0.000000 -8.521764 0.014755 
205 0.186646 0.000000 0.031801 98.821303 0.000000 -5.015534 0.020919 
206 0.075684 0.000000 -0.041486 98.318231 0.000000 1.074977 0.033237 
207 0.026367 0.000000 -0.041486 98.383528 0.000000 2.039293 0.031652 
208 0.075684 0.000000 -0.090344 98.296180 0.000000 0.990591 0.033688 
209 0.100342 0.000000 0.031801 99.594517 0.000000 1.579154 0.007844 
210 0.075684 0.000000 0.031801 99.630918 0.000000 3.410950 0.006205 
211 0.100342 0.000000 0.007372 100.304947 0.000000 3.031922 -0.007027 
212 0.100342 0.000000 0.056230 98.290677 0.000000 0.521069 0.033867 
213 -9.343750 0.000000 3.134272 99.472098 0.000000 10.477044 -0.000447 
214 -12.500000 0.000000 3.134272 99.461617 0.000000 10.468034 -0.000219 
215 -9.343750 0.000000 0.007372 99.454831 0.000000 10.483957 -0.000118 
216 -9.343750 0.000000 6.261172 99.478039 0.000000 10.464930 -0.000539 
217 -4.609375 0.000000 1.570822 99.528246 0.000000 10.552615 -0.001723 
218 -6.187500 0.000000 1.570822 99.487939 0.000000 10.512570 -0.000836 
219 -4.609375 0.000000 0.007372 99.460866 0.000000 10.578431 -0.000437 
220 -4.609375 0.000000 3.134272 99.549778 0.000000 10.500671 -0.002042 
221 -2.242188 0.000000 0.789097 99.689298 0.000000 10.795227 -0.005449 
222 -3.031250 0.000000 0.789097 99.574331 0.000000 10.673167 -0.002896 
223 -2.242188 0.000000 0.007372 99.474111 0.000000 10.876997 -0.001341 
224 -2.242188 0.000000 1.570822 99.778251 0.000000 10.639237 -0.006889 
225 -1.058594 0.000000 0.398235 100.083784 0.000000 11.571741 -0.015067 
226 -1.453125 0.000000 0.398235 99.799857 0.000000 11.213567 -0.008576 
227 -1.058594 0.000000 0.007372 99.491331 0.000000 11.789132 -0.003751 
228 -1.058594 0.000000 0.789097 100.354478 0.000000 11.139999 -0.019512 
229 -0.466797 0.000000 0.202803 100.941598 0.000000 13.535265 -0.037241 
230 -0.664062 0.000000 0.202803 100.290169 0.000000 12.658127 -0.021835 
231 -0.466797 0.000000 0.007372 99.498841 0.000000 14.071153 -0.009802 
232 -0.466797 0.000000 0.398235 101.608906 0.000000 12.499343 -0.048060 
233 -0.170898 0.000000 0.105088 98.866014 0.000000 5.039953 0.020011 
234 -0.269531 0.000000 0.105088 99.788640 0.000000 15.249919 -0.019033 
235 -0.170898 0.000000 0.007372 98.435675 0.000000 3.466163 0.029840 
236 -0.170898 0.000000 0.202803 99.697186 0.000000 9.954496 -0.003862 
237 -0.022949 0.000000 0.056230 98.431934 0.000000 2.721831 0.030375 
238 -0.072266 0.000000 0.056230 98.444788 0.000000 3.159393 0.029864 
239 -0.022949 0.000000 0.007372 98.432384 0.000000 2.810704 0.030317 
240 -0.022949 0.000000 0.105088 98.419381 0.000000 2.513579 0.030731 
241 0.051025 0.000000 0.031801 99.605290 0.000000 4.928857 0.005449 
242 0.026367 0.000000 0.031801 98.398989 0.000000 2.063553 0.031338 
243 0.051025 0.000000 0.007372 100.563308 0.000000 8.812353 -0.019064 
244 0.051025 0.000000 0.056230 98.369527 0.000000 1.562698 0.032099 
245 -9.343750 0.000000 -3.119528 99.437228 0.000000 10.477777 0.000245 
246 -12.500000 0.000000 -3.119528 99.445767 0.000000 10.468376 0.000095 
247 -9.343750 0.000000 -6.246428 99.430516 0.000000 10.466091 0.000403 
248 -4.609375 0.000000 -1.556078 99.392532 0.000000 10.554856 0.000972 
249 -6.187500 0.000000 -1.556078 99.426835 0.000000 10.513700 0.000377 
250 -4.609375 0.000000 -3.119528 99.368792 0.000000 10.504386 0.001550 
251 -2.242188 0.000000 -0.774353 99.257545 0.000000 10.800177 0.003130 
252 -3.031250 0.000000 -0.774353 99.360546 0.000000 10.676115 0.001350 
253 -2.242188 0.000000 -1.556078 99.165389 0.000000 10.648158 0.005284 
254 -1.058594 0.000000 -0.383490 98.898741 0.000000 11.577115 0.008501 
255 -1.453125 0.000000 -0.383490 99.169628 0.000000 11.214252 0.003963 
256 -1.058594 0.000000 -0.774353 98.626334 0.000000 11.151452 0.014849 
257 -0.466797 0.000000 -0.188059 98.059204 0.000000 13.532828 0.020126 
258 -0.664062 0.000000 -0.188059 98.706458 0.000000 12.659423 0.009677 
259 -0.466797 0.000000 -0.383490 97.399192 0.000000 12.499515 0.035716 
260 -0.170898 0.000000 -0.090344 98.414781 0.000000 3.273170 0.030382 
261 -0.269531 0.000000 -0.090344 99.692023 0.000000 17.009121 -0.022781 
262 -0.170898 0.000000 -0.188059 99.778239 0.000000 11.769433 -0.009422 
263 -0.022949 0.000000 -0.041486 98.419972 0.000000 2.754160 0.030592 
264 -0.072266 0.000000 -0.041486 98.434617 0.000000 3.192583 0.030043 
265 -0.022949 0.000000 -0.090344 98.397123 0.000000 2.569061 0.031141 
266 0.001709 0.000000 0.031801 98.419716 0.000000 2.459010 0.030751 
267 -0.022949 0.000000 0.031801 98.433797 0.000000 2.783741 0.030304 
268 0.001709 0.000000 0.007372 98.418132 0.000000 2.484080 0.030770 
269 0.001709 0.000000 0.056230 98.417883 0.000000 2.401483 0.030815 
270 0.051025 0.000000 -0.017057 98.363171 0.000000 1.614100 0.032208 
271 0.026367 0.000000 -0.017057 98.391926 0.000000 2.077173 0.031471 
272 0.051025 0.000000 -0.041486 98.354754 0.000000 1.583582 0.032383 
273 0.075684 0.000000 -0.017057 98.326381 0.000000 1.096393 0.033072 
274 0.038696 0.000000 0.019586 100.362083 0.000000 8.992502 -0.015341 
275 0.026367 0.000000 0.019586 99.803385 0.000000 7.772304 -0.002112 
276 0.038696 0.000000 0.007372 100.966949 0.000000 12.180485 -0.034269 
277 0.051025 0.000000 0.019586 100.408206 0.000000 8.312237 -0.015090 
278 0.038696 0.000000 0.031801 98.385840 0.000000 1.840917 0.031684 
279 0.001709 0.000000 -0.017057 98.413139 0.000000 2.474615 0.030873 
280 -0.022949 0.000000 -0.017057 98.427701 0.000000 2.800572 0.030414 
281 0.001709 0.000000 -0.041486 98.404991 0.000000 2.431411 0.031055 
282 0.014038 0.000000 -0.004842 99.544887 0.000000 16.104961 -0.016855 
283 0.001709 0.000000 -0.004842 98.416051 0.000000 2.483683 0.030811 
284 0.014038 0.000000 -0.017057 98.403426 0.000000 2.284588 0.031155 
285 0.026367 0.000000 -0.004842 99.870378 0.000000 11.328534 -0.010243 
286 0.014038 0.000000 0.007372 100.120942 0.000000 19.654222 -0.041049 
287 2.097656 0.000000 0.398235 99.832798 0.000000 7.012382 -0.001576 
288 2.097656 0.000000 0.007372 99.676768 0.000000 6.770976 0.001870 
289 2.492188 0.000000 0.398235 99.794408 0.000000 7.099022 -0.000932 
290 2.097656 0.000000 0.789097 99.927803 0.000000 7.601612 -0.004335 
291 2.097656 0.000000 -0.383490 99.464206 0.000000 7.306461 0.005349 
292 2.097656 0.000000 -0.774353 99.290154 0.000000 7.878182 0.007940 
293 2.492188 0.000000 -0.383490 99.540064 0.000000 7.486075 0.003573 
294 0.149658 0.000000 -0.017057 98.172383 0.000000 -0.616031 0.036180 
295 0.125000 0.000000 -0.017057 98.229796 0.000000 -0.038102 0.035091 
296 0.149658 0.000000 -0.041486 98.166869 0.000000 -0.604988 0.036290 
297 0.248291 0.000000 0.031801 97.946628 0.000000 -2.541294 0.040000 
298 0.272949 0.000000 0.031801 97.898934 0.000000 -2.867637 0.040758 
299 0.248291 0.000000 0.056230 97.955842 0.000000 -2.483134 0.039849 
300 0.100342 0.000000 -0.017057 98.281651 0.000000 0.539462 0.034043 
301 0.100342 0.000000 -0.041486 98.274083 0.000000 0.528414 0.034193 
302 0.014038 0.000000 0.019586 98.409837 0.000000 2.285727 0.031028 
303 0.001709 0.000000 0.019586 98.419356 0.000000 2.475797 0.030750 
304 0.014038 0.000000 0.031801 98.410246 0.000000 2.269881 0.031027 
305 0.038696 0.000000 -0.004842 99.902646 0.000000 8.105901 -0.004624 
306 0.038696 0.000000 -0.017057 98.378534 0.000000 1.853268 0.031823 
307 0.051025 0.000000 -0.004842 99.750803 0.000000 5.336211 0.002130 
1 7 12 10 11 
2 12 2 13 10 
3 1 17 15 16 
4 17 7 11 15 
5 19 21 3 22 
6 20 19 22 9 
7 11 25 23 24 
8 25 10 26 23 
9 28 20 9 30 
10 29 28 30 4 
11 15 33 31 32 
12 33 11 24 31 
13 35 37 19 38 
14 36 35 38 20 
15 24 41 39 40 
16 41 23 42 39 
17 44 36 20 46 
18 45 44 46 28 
19 31 49 47 48 
20 49 24 40 47 
21 51 53 35 54 
22 52 51 54 36 
23 40 57 55 56 
24 57 39 58 55 
25 60 52 36 62 
26 61 60 62 44 
27 47 65 63 64 
28 65 40 56 63 
29 67 69 51 70 
30 68 67 70 52 
31 56 73 71 72 
32 73 55 74 71 
33 76 68 52 78 
34 77 76 78 60 
35 63 81 79 80 
36 81 56 72 79 
37 83 85 67 86 
38 84 83 86 68 
39 72 89 87 88 
40 89 71 90 87 
41 92 84 68 94 
42 93 92 94 76 
43 79 97 95 96 
44 97 72 88 95 
45 99 101 83 102 
46 100 99 102 84 
47 88 105 103 104 
48 105 87 106 103 
49 10 109 108 26 
50 109 13 110 108 
51 108 110 8 111 
52 26 108 111 14 
53 23 113 112 42 
54 113 26 114 112 
55 112 114 14 115 
56 42 112 115 27 
57 39 117 116 58 
58 117 42 118 116 
59 116 118 27 119 
60 55 121 120 74 
61 121 58 122 120 
62 120 122 43 123 
63 74 120 123 59 
64 71 125 124 90 
65 125 74 126 124 
66 124 126 59 127 
67 90 124 127 75 
68 87 129 128 106 
69 129 90 130 128 
70 128 130 75 131 
71 106 128 131 91 
72 132 100 84 134 
73 133 132 134 92 
74 135 137 99 138 
75 136 135 138 100 
76 103 141 139 140 
77 141 106 142 139 
78 139 142 91 143 
79 95 146 144 145 
80 146 88 104 144 
81 104 150 148 149 
82 150 103 140 148 
83 14 111 152 37 
84 111 8 153 152 
85 152 153 21 154 
86 37 152 154 19 
87 27 115 155 53 
88 115 14 156 155 
89 155 156 37 157 
90 53 155 157 35 
91 119 27 159 158 
92 158 159 53 160 
93 69 158 160 51 
94 59 123 161 85 
95 123 43 162 161 
96 161 162 69 163 
97 85 161 163 67 
98 75 127 164 101 
99 127 59 165 164 
100 164 165 85 166 
101 101 164 166 83 
102 91 131 167 137 
103 131 75 168 167 
104 167 168 101 169 
105 137 167 169 99 
106 143 91 172 170 
107 170 172 137 173 
108 171 170 173 135 
109 140 176 174 175 
110 176 139 177 174 
111 174 177 143 178 
112 175 174 178 107 
113 179 136 100 181 
114 180 179 181 132 
115 182 171 135 184 
116 183 182 184 136 
117 187 107 188 185 
118 185 188 171 189 
119 186 185 189 182 
120 190 183 136 193 
121 191 190 193 179 
122 5 196 194 195 
123 196 151 186 194 
124 194 186 182 197 
125 195 194 197 183 
126 148 200 198 199 
127 200 140 175 198 
128 198 175 107 187 
129 199 198 187 151 
130 151 203 201 202 
131 203 187 204 201 
132 201 204 185 205 
133 202 201 205 186 
134 144 208 206 207 
135 208 104 149 206 
136 192 211 209 210 
137 211 5 195 209 
138 209 195 183 212 
139 210 209 212 190 
140 6 215 213 214 
141 215 18 45 213 
142 213 45 28 216 
143 214 213 216 29 
144 18 219 217 218 
145 219 34 61 217 
146 217 61 44 220 
147 218 217 220 45 
148 34 223 221 222 
149 223 50 77 221 
150 221 77 60 224 
151 222 221 224 61 
152 50 227 225 226 
153 227 66 93 225 
154 225 93 76 228 
155 226 225 228 77 
156 66 231 229 230 
157 231 82 133 229 
158 229 133 92 232 
159 230 229 232 93 
160 82 235 233 234 
161 235 98 180 233 
162 233 180 132 236 
163 234 233 236 133 
164 98 239 237 238 
165 237 191 179 240 
166 238 237 240 180 
167 243 192 210 241 
168 241 210 190 244 
169 242 241 244 191 
170 16 247 245 246 
171 247 15 32 245 
172 245 32 18 215 
173 246 245 215 6 
174 32 250 248 249 
175 250 31 48 248 
176 248 48 34 219 
177 249 248 219 18 
178 48 253 251 252 
179 253 47 64 251 
180 251 64 50 223 
181 252 251 223 34 
182 64 256 254 255 
183 256 63 80 254 
184 254 80 66 227 
185 255 254 227 50 
186 80 259 257 258 
187 259 79 96 257 
188 257 96 82 231 
189 258 257 231 66 
190 96 262 260 261 
191 262 95 145 260 
192 260 145 98 235 
193 261 260 235 82 
194 145 265 263 264 
195 265 144 207 263 
196 264 263 239 98 
197 239 268 266 267 
198 266 242 191 269 
199 267 266 269 237 
200 207 272 270 271 
201 272 206 273 270 
202 270 273 192 243 
203 147 276 274 275 
204 276 243 277 274 
205 274 277 241 278 
206 275 274 278 242 
207 263 281 279 280 
208 281 207 271 279 
209 280 279 268 239 
210 279 284 282 283 
211 284 271 285 282 
212 282 285 147 286 
213 283 282 286 268 
214 43 288 287 162 
215 288 119 289 287 
216 287 289 158 290 
217 162 287 290 69 
218 58 292 291 122 
219 292 116 293 291 
220 291 293 119 288 
221 122 291 288 43 
222 149 296 294 295 
223 296 148 199 294 
224 294 199 151 196 
225 295 294 196 5 
226 107 178 297 188 
227 178 143 298 297 
228 297 298 170 299 
229 188 297 299 171 
230 206 301 300 273 
231 301 149 295 300 
232 300 295 5 211 
233 273 300 211 192 
234 268 286 302 303 
235 286 147 275 302 
236 302 275 242 304 
237 303 302 304 266 
238 271 306 305 285 
239 306 270 307 305 
240 305 307 243 276 
241 285 305 276 147 
