2 0.000000 100.000000 1057.418842
307 241 
1 -12.500000 0.000000 -12.500228 99.646101 0.000000 8.283104 0.000204 
2 12.750000 0.000000 -12.500228 99.649103 0.000000 8.225187 0.000240 
3 12.750000 0.000000 12.514972 99.672743 0.000000 8.206096 -0.000200 
4 -12.500000 0.000000 12.514972 99.668363 0.000000 8.282577 -0.000238 
5 0.125000 0.000000 0.007372 100.108550 0.000000 0.393624 -0.002188 
6 -12.500000 0.000000 0.007372 99.657637 0.000000 8.296492 -0.000048 
7 0.125000 0.000000 -12.500228 99.627203 0.000000 8.251749 0.000633 
8 12.750000 0.000000 0.007372 99.813318 0.000000 6.358688 -0.000313 
9 0.125000 0.000000 12.514972 99.690557 0.000000 8.247518 -0.000623 
10 6.437500 0.000000 -6.246428 99.626301 0.000000 8.072516 0.000943 
11 0.125000 0.000000 -6.246428 99.540295 0.000000 8.171787 0.002495 
12 6.437500 0.000000 -12.500228 99.637240 0.000000 8.229424 0.000470 
13 12.750000 0.000000 -6.246428 99.658825 0.000000 8.095822 0.000258 
14 6.437500 0.000000 0.007372 99.858031 0.000000 5.684055 -0.000393 
15 -6.187500 0.000000 -6.246428 99.615385 0.000000 8.290066 0.000805 
16 -12.500000 0.000000 -6.246428 99.646361 0.000000 8.290335 0.000187 
17 -6.187500 0.000000 -12.500228 99.635210 0.000000 8.275621 0.000434 
18 -6.187500 0.000000 0.007372 99.660251 0.000000 8.342122 -0.000176 
19 6.437500 0.000000 6.261172 99.716943 0.000000 8.014652 -0.000770 
20 0.125000 0.000000 6.261172 99.788556 0.000000 8.157893 -0.002431 
21 12.750000 0.000000 6.261172 99.691187 0.000000 7.970767 -0.000187 
22 6.437500 0.000000 12.514972 99.682932 0.000000 8.219112 -0.000424 
23 3.281250 0.000000 -3.119528 99.536667 0.000000 7.624264 0.003432 
24 0.125000 0.000000 -3.119528 99.266071 0.000000 7.950465 0.008304 
25 3.281250 0.000000 -6.246428 99.581388 0.000000 8.087687 0.001814 
26 6.437500 0.000000 -3.119528 99.655239 0.000000 7.676664 0.000990 
27 3.281250 0.000000 0.007372 99.856164 0.000000 5.194945 0.000176 
28 -6.187500 0.000000 6.261172 99.702578 0.000000 8.288265 -0.000930 
29 -12.500000 0.000000 6.261172 99.668622 0.000000 8.289925 -0.000256 
30 -6.187500 0.000000 12.514972 99.680432 0.000000 8.274175 -0.000465 
31 -3.031250 0.000000 -3.119528 99.502012 0.000000 8.317512 0.003017 
32 -6.187500 0.000000 -3.119528 99.616702 0.000000 8.318444 0.000732 
33 -3.031250 0.000000 -6.246428 99.573685 0.000000 8.261853 0.001682 
34 -3.031250 0.000000 0.007372 99.667105 0.000000 8.503742 -0.000585 
35 3.281250 0.000000 3.134272 99.854405 0.000000 7.510495 -0.002731 
36 0.125000 0.000000 3.134272 100.088739 0.000000 7.921169 -0.008050 
37 6.437500 0.000000 3.134272 99.759774 0.000000 7.427174 -0.000718 
38 3.281250 0.000000 6.261172 99.755791 0.000000 8.056633 -0.001613 
39 1.703125 0.000000 -1.556078 99.223091 0.000000 6.762998 0.010904 
40 0.125000 0.000000 -1.556078 98.517603 0.000000 7.573192 0.023693 
41 1.703125 0.000000 -3.119528 99.385680 0.000000 7.689465 0.006336 
42 3.281250 0.000000 -1.556078 99.589023 0.000000 6.865565 0.003489 
43 1.703125 0.000000 0.007372 99.799479 0.000000 4.624289 0.001868 
44 -3.031250 0.000000 3.134272 99.826959 0.000000 8.312316 -0.003452 
45 -6.187500 0.000000 3.134272 99.702911 0.000000 8.317095 -0.000984 
46 -3.031250 0.000000 6.261172 99.748190 0.000000 8.257129 -0.001788 
47 -1.453125 0.000000 -1.556078 99.161656 0.000000 8.449633 0.009557 
48 -3.031250 0.000000 -1.556078 99.512701 0.000000 8.420380 0.002632 
49 -1.453125 0.000000 -3.119528 99.363073 0.000000 8.224252 0.005934 
50 -1.453125 0.000000 0.007372 99.677733 0.000000 9.033737 -0.001726 
51 1.703125 0.000000 1.570822 100.220522 0.000000 6.646004 -0.008832 
52 0.125000 0.000000 1.570822 100.874318 0.000000 7.536203 -0.023242 
53 3.281250 0.000000 1.570822 99.898179 0.000000 6.615975 -0.002342 
54 1.703125 0.000000 3.134272 99.988059 0.000000 7.626111 -0.005577 
55 0.914062 0.000000 -0.774353 98.470878 0.000000 5.576491 0.027239 
56 0.125000 0.000000 -0.774353 96.932546 0.000000 7.158173 0.055284 
57 0.914062 0.000000 -1.556078 98.822136 0.000000 6.945154 0.018595 
58 1.703125 0.000000 -0.774353 99.320997 0.000000 5.782824 0.010190 
59 0.914062 0.000000 0.007372 99.750491 0.000000 3.362119 0.003854 
60 -1.453125 0.000000 1.570822 100.188506 0.000000 8.439834 -0.010897 
61 -3.031250 0.000000 1.570822 99.819990 0.000000 8.416834 -0.003487 
62 -1.453125 0.000000 3.134272 99.975852 0.000000 8.212079 -0.006261 
63 -0.664062 0.000000 -0.774353 98.335328 0.000000 8.935805 0.025031 
64 -1.453125 0.000000 -0.774353 99.215836 0.000000 8.785887 0.007903 
65 -0.664062 0.000000 -1.556078 98.768090 0.000000 8.233635 0.017707 
66 -0.664062 0.000000 0.007372 99.684087 0.000000 10.439856 -0.004591 
67 0.914062 0.000000 0.789097 100.992599 0.000000 5.506769 -0.022983 
68 0.125000 0.000000 0.789097 102.492649 0.000000 7.133480 -0.055563 
69 1.703125 0.000000 0.789097 100.191143 0.000000 5.643437 -0.007011 
70 0.914062 0.000000 1.570822 100.595979 0.000000 6.875165 -0.016682 
71 0.519531 0.000000 -0.383490 96.943560 0.000000 3.818481 0.058737 
72 0.125000 0.000000 -0.383490 98.060882 0.000000 -0.115207 0.038405 
73 0.519531 0.000000 -0.774353 97.586461 0.000000 5.916917 0.044187 
74 0.914062 0.000000 -0.383490 98.696174 0.000000 4.301215 0.024056 
75 0.519531 0.000000 0.007372 97.134117 0.000000 -15.360121 0.032903 
76 -0.664062 0.000000 0.789097 101.040930 0.000000 8.928670 -0.028899 
77 -1.453125 0.000000 0.789097 100.138737 0.000000 8.780676 -0.010487 
78 -0.664062 0.000000 1.570822 100.599509 0.000000 8.215393 -0.018775 
79 -0.269531 0.000000 -0.383490 96.546476 0.000000 10.179300 0.057516 
80 -0.664062 0.000000 -0.383490 98.520626 0.000000 9.802572 0.019760 
81 -0.269531 0.000000 -0.774353 97.446002 0.000000 8.496929 0.043208 
82 -0.269531 0.000000 0.007372 99.405631 0.000000 15.244651 -0.011388 
83 0.519531 0.000000 0.398235 102.507305 0.000000 3.764324 -0.052192 
84 0.125000 0.000000 0.398235 98.107867 0.000000 -0.113416 0.037483 
85 0.914062 0.000000 0.398235 100.790426 0.000000 4.248195 -0.017676 
86 0.519531 0.000000 0.789097 101.856490 0.000000 5.868083 -0.040918 
87 0.322266 0.000000 -0.188059 97.858689 0.000000 -2.568469 0.041708 
88 0.125000 0.000000 -0.188059 98.094527 0.000000 -0.115640 0.037745 
89 0.322266 0.000000 -0.383490 96.445046 0.000000 -18.678423 0.034947 
90 0.519531 0.000000 -0.188059 96.339735 0.000000 -18.989778 0.035804 
91 0.322266 0.000000 0.007372 97.801143 0.000000 -3.412502 0.042329 
92 -0.269531 0.000000 0.398235 102.841413 0.000000 10.198408 -0.068036 
93 -0.664062 0.000000 0.398235 100.852351 0.000000 9.802867 -0.026729 
94 -0.269531 0.000000 0.789097 101.950716 0.000000 8.487989 -0.046599 
95 -0.072266 0.000000 -0.188059 98.230302 0.000000 2.329009 0.034538 
96 -0.269531 0.000000 -0.188059 99.100064 0.000000 18.556476 -0.016517 
97 -0.072266 0.000000 -0.383490 99.153238 0.000000 18.289961 -0.016589 
98 -0.072266 0.000000 0.007372 98.299527 0.000000 3.167386 0.032717 
99 0.322266 0.000000 0.202803 97.904087 0.000000 -2.492578 0.040858 
100 0.125000 0.000000 0.202803 98.142488 0.000000 -0.113787 0.036804 
101 0.519531 0.000000 0.202803 96.375845 0.000000 -18.890019 0.035486 
102 0.322266 0.000000 0.398235 96.995538 0.000000 -16.441203 0.032155 
103 0.223633 0.000000 -0.090344 97.948811 0.000000 -2.045574 0.040185 
104 0.125000 0.000000 -0.090344 98.126014 0.000000 -0.115470 0.037127 
105 0.223633 0.000000 -0.188059 97.964422 0.000000 -1.600651 0.040041 
106 0.322266 0.000000 -0.090344 97.812250 0.000000 -3.164075 0.042275 
107 0.223633 0.000000 0.007372 97.971392 0.000000 -15.957747 0.014696 
108 9.593750 0.000000 -3.119528 99.680739 0.000000 7.749293 0.000370 
109 9.593750 0.000000 -6.246428 99.649053 0.000000 8.082017 0.000475 
110 12.750000 0.000000 -3.119528 99.686359 0.000000 7.805859 0.000170 
111 9.593750 0.000000 0.007372 99.835226 0.000000 6.063644 -0.000384 
112 4.859375 0.000000 -1.556078 99.684490 0.000000 6.987205 0.001418 
113 4.859375 0.000000 -3.119528 99.615285 0.000000 7.639767 0.001843 
114 6.437500 0.000000 -1.556078 99.715358 0.000000 7.086583 0.000663 
115 4.859375 0.000000 0.007372 99.863885 0.000000 5.467582 -0.000269 
116 2.492188 0.000000 -0.774353 99.589655 0.000000 6.021167 0.004565 
117 2.492188 0.000000 -1.556078 99.468390 0.000000 6.798025 0.005983 
118 3.281250 0.000000 -0.774353 99.690029 0.000000 6.184952 0.002364 
119 2.492188 0.000000 0.007372 99.839207 0.000000 5.002007 0.000711 
120 1.308594 0.000000 -0.383490 99.277953 0.000000 4.811050 0.012074 
121 1.308594 0.000000 -0.774353 99.018661 0.000000 5.639386 0.016350 
122 1.703125 0.000000 -0.383490 99.515196 0.000000 5.130190 0.007041 
123 1.308594 0.000000 0.007372 99.779254 0.000000 4.226990 0.002623 
124 0.716797 0.000000 -0.188059 98.630763 0.000000 2.960520 0.026321 
125 0.716797 0.000000 -0.383490 98.066105 0.000000 3.987722 0.036714 
126 0.914062 0.000000 -0.188059 99.125474 0.000000 3.658732 0.016075 
127 0.716797 0.000000 0.007372 99.727939 0.000000 2.448031 0.004835 
128 0.420898 0.000000 -0.090344 97.765282 0.000000 -3.435304 0.043015 
129 0.420898 0.000000 -0.188059 97.715210 0.000000 -11.734787 0.031403 
130 0.519531 0.000000 -0.090344 96.774539 0.000000 -17.151895 0.034050 
131 0.420898 0.000000 0.007372 97.753539 0.000000 -3.629150 0.043107 
132 -0.072266 0.000000 0.202803 98.263135 0.000000 2.257202 0.033926 
133 -0.269531 0.000000 0.202803 99.118505 0.000000 18.475304 -0.016581 
134 -0.072266 0.000000 0.398235 99.387997 0.000000 16.298571 -0.014362 
135 0.223633 0.000000 0.105088 97.983441 0.000000 -1.999119 0.039525 
136 0.125000 0.000000 0.105088 98.158477 0.000000 -0.114202 0.036490 
137 0.322266 0.000000 0.105088 97.842814 0.000000 -3.103818 0.041715 
138 0.223633 0.000000 0.202803 98.014559 0.000000 -1.546260 0.039076 
139 0.272949 0.000000 -0.041486 97.861142 0.000000 -2.914334 0.041470 
140 0.223633 0.000000 -0.041486 97.947761 0.000000 -2.196008 0.040141 
141 0.272949 0.000000 -0.090344 97.869576 0.000000 -2.728315 0.041410 
142 0.322266 0.000000 -0.041486 97.799932 0.000000 -3.355178 0.042392 
143 0.272949 0.000000 0.007372 97.864353 0.000000 -2.970742 0.041374 
144 0.026367 0.000000 -0.090344 98.240623 0.000000 1.809176 0.034551 
145 -0.072266 0.000000 -0.090344 98.273615 0.000000 2.920102 0.033377 
146 0.026367 0.000000 -0.188059 98.189339 0.000000 1.366246 0.035699 
147 0.026367 0.000000 0.007372 100.201172 0.000000 15.126727 -0.026909 
148 0.174316 0.000000 -0.041486 98.047607 0.000000 -1.228773 0.038516 
149 0.125000 0.000000 -0.041486 98.142178 0.000000 -0.115199 0.036810 
150 0.174316 0.000000 -0.090344 98.039473 0.000000 -1.144391 0.038695 
151 0.174316 0.000000 0.007372 99.607587 0.000000 -5.508911 0.004798 
152 9.593750 0.000000 3.134272 99.744972 0.000000 7.343575 -0.000299 
153 12.750000 0.000000 3.134272 99.747964 0.000000 7.231997 -0.000196 
154 9.593750 0.000000 6.261172 99.698262 0.000000 7.992009 -0.000362 
155 4.859375 0.000000 1.570822 99.833121 0.000000 6.572096 -0.000984 
156 6.437500 0.000000 1.570822 99.819881 0.000000 6.491152 -0.000614 
157 4.859375 0.000000 3.134272 99.789940 0.000000 7.462399 -0.001372 
158 2.492188 0.000000 0.789097 99.965046 0.000000 5.778483 -0.002640 
159 3.281250 0.000000 0.789097 99.897546 0.000000 5.814644 -0.001333 
160 2.492188 0.000000 1.570822 99.998298 0.000000 6.620313 -0.004349 
161 1.308594 0.000000 0.398235 100.249785 0.000000 4.723611 -0.007233 
162 1.703125 0.000000 0.398235 100.044842 0.000000 4.998642 -0.003396 
163 1.308594 0.000000 0.789097 100.469724 0.000000 5.539724 -0.012485 
164 0.716797 0.000000 0.202803 100.829646 0.000000 2.930559 -0.017521 
165 0.914062 0.000000 0.202803 100.370891 0.000000 3.626798 -0.008747 
166 0.716797 0.000000 0.398235 101.398428 0.000000 3.940379 -0.029717 
167 0.420898 0.000000 0.105088 97.871964 0.000000 -4.869024 0.039737 
168 0.519531 0.000000 0.105088 96.796777 0.000000 -17.086468 0.033844 
169 0.420898 0.000000 0.202803 97.761435 0.000000 -11.581631 0.030857 
170 0.272949 0.000000 0.056230 97.879563 0.000000 -2.880632 0.041129 
171 0.223633 0.000000 0.056230 97.966911 0.000000 -2.168693 0.039778 
172 0.322266 0.000000 0.056230 97.816680 0.000000 -3.320600 0.042087 
173 0.272949 0.000000 0.105088 97.902952 0.000000 -2.670450 0.040788 
174 0.248291 0.000000 -0.017057 97.902805 0.000000 -2.633144 0.040811 
175 0.223633 0.000000 -0.017057 97.949938 0.000000 -2.233860 0.040082 
176 0.248291 0.000000 -0.041486 97.901801 0.000000 -2.589908 0.040853 
177 0.272949 0.000000 -0.017057 97.861161 0.000000 -2.960825 0.041443 
178 0.248291 0.000000 0.007372 97.906424 0.000000 -2.642388 0.040735 
179 0.026367 0.000000 0.105088 98.267577 0.000000 1.765622 0.034037 
180 -0.072266 0.000000 0.105088 98.294177 0.000000 2.862892 0.033006 
181 0.026367 0.000000 0.202803 98.230552 0.000000 1.315832 0.034903 
182 0.174316 0.000000 0.056230 98.066470 0.000000 -1.213191 0.038150 
183 0.125000 0.000000 0.056230 98.159989 0.000000 -0.114500 0.036460 
184 0.174316 0.000000 0.105088 98.073677 0.000000 -1.117975 0.038030 
185 0.198975 0.000000 0.031801 98.010410 0.000000 -1.757574 0.039087 
186 0.174316 0.000000 0.031801 99.159259 0.000000 -3.069480 0.015802 
187 0.198975 0.000000 0.007372 99.042773 0.000000 -9.207481 0.010575 
188 0.223633 0.000000 0.031801 97.959774 0.000000 -2.219605 0.039896 
189 0.198975 0.000000 0.056230 98.016262 0.000000 -1.716624 0.038987 
190 0.075684 0.000000 0.056230 98.232081 0.000000 0.982411 0.034949 
191 0.026367 0.000000 0.056230 98.276662 0.000000 1.933549 0.033796 
192 0.075684 0.000000 0.007372 100.319904 0.000000 5.623357 -0.009571 
193 0.075684 0.000000 0.105088 98.224940 0.000000 0.888113 0.035107 
194 0.149658 0.000000 0.031801 99.704395 0.000000 -2.187479 0.005425 
195 0.125000 0.000000 0.031801 99.879659 0.000000 0.379296 0.002391 
196 0.149658 0.000000 0.007372 99.930842 0.000000 -2.405585 0.000804 
197 0.149658 0.000000 0.056230 98.115117 0.000000 -0.673230 0.037297 
198 0.198975 0.000000 -0.017057 98.000591 0.000000 -1.769073 0.039275 
199 0.174316 0.000000 -0.017057 98.052331 0.000000 -1.250048 0.038418 
200 0.198975 0.000000 -0.041486 97.997139 0.000000 -1.738643 0.039354 
201 0.186646 0.000000 0.019586 99.527335 0.000000 -6.657629 0.004999 
202 0.174316 0.000000 0.019586 99.620971 0.000000 -5.425980 0.004622 
203 0.186646 0.000000 0.007372 99.597057 0.000000 -7.216702 0.002835 
204 0.198975 0.000000 0.019586 99.023123 0.000000 -8.560409 0.012114 
205 0.186646 0.000000 0.031801 98.869354 0.000000 -5.064440 0.019920 
206 0.075684 0.000000 -0.041486 98.215754 0.000000 0.996519 0.035267 
207 0.026367 0.000000 -0.041486 98.262034 0.000000 1.959224 0.034073 
208 0.075684 0.000000 -0.090344 98.195020 0.000000 0.911878 0.035691 
209 0.100342 0.000000 0.031801 99.524528 0.000000 1.535862 0.009251 
210 0.075684 0.000000 0.031801 99.519216 0.000000 3.364211 0.008461 
211 0.100342 0.000000 0.007372 100.225807 0.000000 3.005239 -0.005424 
212 0.100342 0.000000 0.056230 98.199345 0.000000 0.443768 0.035669 
213 -9.343750 0.000000 3.134272 99.673802 0.000000 8.302465 -0.000380 
214 -12.500000 0.000000 3.134272 99.664659 0.000000 8.294395 -0.000184 
215 -9.343750 0.000000 0.007372 99.658380 0.000000 8.308549 -0.000082 
216 -9.343750 0.000000 6.261172 99.679178 0.000000 8.291712 -0.000469 
217 -4.609375 0.000000 1.570822 99.722651 0.000000 8.369976 -0.001466 
218 -6.187500 0.000000 1.570822 99.687346 0.000000 8.334145 -0.000702 
219 -4.609375 0.000000 0.007372 99.662476 0.000000 8.392592 -0.000304 
220 -4.609375 0.000000 3.134272 99.742066 0.000000 8.323779 -0.001777 
221 -2.242188 0.000000 0.789097 99.862861 0.000000 8.585442 -0.004630 
222 -3.031250 0.000000 0.789097 99.761923 0.000000 8.476593 -0.002429 
223 -2.242188 0.000000 0.007372 99.671184 0.000000 8.657477 -0.000930 
224 -2.242188 0.000000 1.570822 99.942528 0.000000 8.447089 -0.005986 
225 -1.058594 0.000000 0.398235 100.210472 0.000000 9.279688 -0.012825 
226 -1.453125 0.000000 0.398235 99.959044 0.000000 8.959253 -0.007208 
227 -1.058594 0.000000 0.007372 99.681651 0.000000 9.471980 -0.002615 
228 -1.058594 0.000000 0.789097 100.453169 0.000000 8.895622 -0.016997 
229 -0.466797 0.000000 0.202803 100.966465 0.000000 11.031912 -0.031593 
230 -0.664062 0.000000 0.202803 100.390337 0.000000 10.248487 -0.018325 
231 -0.466797 0.000000 0.007372 99.682298 0.000000 11.503450 -0.006889 
232 -0.466797 0.000000 0.398235 101.566562 0.000000 10.113234 -0.041804 
233 -0.170898 0.000000 0.105088 98.693532 0.000000 4.960660 0.023498 
234 -0.269531 0.000000 0.105088 99.418758 0.000000 15.161625 -0.011396 
235 -0.170898 0.000000 0.007372 98.285313 0.000000 3.382631 0.032856 
236 -0.170898 0.000000 0.202803 99.441519 0.000000 9.879745 0.001377 
237 -0.022949 0.000000 0.056230 98.296999 0.000000 2.640661 0.033073 
238 -0.072266 0.000000 0.056230 98.300937 0.000000 3.077085 0.032746 
239 -0.022949 0.000000 0.007372 98.295613 0.000000 2.729256 0.033052 
240 -0.022949 0.000000 0.105088 98.288564 0.000000 2.432790 0.033344 
241 0.051025 0.000000 0.031801 99.445349 0.000000 4.874551 0.008686 
242 0.026367 0.000000 0.031801 98.277270 0.000000 1.983772 0.033764 
243 0.051025 0.000000 0.007372 100.323877 0.000000 8.769366 -0.014178 
244 0.051025 0.000000 0.056230 98.257783 0.000000 1.483861 0.034321 
245 -9.343750 0.000000 -3.119528 99.642730 0.000000 8.302968 0.000239 
246 -12.500000 0.000000 -3.119528 99.650533 0.000000 8.294631 0.000097 
247 -9.343750 0.000000 -6.246428 99.636826 0.000000 8.292512 0.000374 
248 -4.609375 0.000000 -1.556078 99.601672 0.000000 8.371479 0.000943 
249 -6.187500 0.000000 -1.556078 99.632910 0.000000 8.334911 0.000381 
250 -4.609375 0.000000 -3.119528 99.580797 0.000000 8.326292 0.001434 
251 -2.242188 0.000000 -0.774353 99.478714 0.000000 8.588580 0.003022 
252 -3.031250 0.000000 -0.774353 99.571819 0.000000 8.478513 0.001357 
253 -2.242188 0.000000 -1.556078 99.397172 0.000000 8.452886 0.004875 
254 -1.058594 0.000000 -0.383490 99.153342 0.000000 9.282216 0.008246 
255 -1.453125 0.000000 -0.383490 99.397122 0.000000 8.958588 0.003996 
256 -1.058594 0.000000 -0.774353 98.910529 0.000000 8.901998 0.013746 
257 -0.466797 0.000000 -0.188059 98.402555 0.000000 11.025605 0.019537 
258 -0.664062 0.000000 -0.188059 98.979362 0.000000 10.247239 0.009808 
259 -0.466797 0.000000 -0.383490 97.811577 0.000000 10.107453 0.033073 
260 -0.170898 0.000000 -0.090344 98.268094 0.000000 3.189781 0.033321 
261 -0.269531 0.000000 -0.090344 99.280683 0.000000 16.912589 -0.014269 
262 -0.170898 0.000000 -0.188059 99.485153 0.000000 11.691439 -0.003399 
263 -0.022949 0.000000 -0.041486 98.284173 0.000000 2.672605 0.033308 
264 -0.072266 0.000000 -0.041486 98.289932 0.000000 3.109932 0.032942 
265 -0.022949 0.000000 -0.090344 98.264786 0.000000 2.487570 0.033784 
266 0.001709 0.000000 0.031801 98.290076 0.000000 2.378419 0.033340 
267 -0.022949 0.000000 0.031801 98.297608 0.000000 2.702414 0.033028 
268 0.001709 0.000000 0.007372 98.287944 0.000000 2.403370 0.033370 
269 0.001709 0.000000 0.056230 98.289409 0.000000 2.321035 0.033380 
270 0.051025 0.000000 -0.017057 98.250228 0.000000 1.534946 0.034454 
271 0.026367 0.000000 -0.017057 98.269795 0.000000 1.997180 0.033906 
272 0.051025 0.000000 -0.041486 98.242287 0.000000 1.504326 0.034619 
273 0.075684 0.000000 -0.017057 98.223622 0.000000 1.018061 0.035108 
274 0.038696 0.000000 0.019586 100.107350 0.000000 8.941303 -0.010143 
275 0.026367 0.000000 0.019586 99.562337 0.000000 7.708567 0.002792 
276 0.038696 0.000000 0.007372 100.637269 0.000000 12.131899 -0.027504 
277 0.051025 0.000000 0.019586 100.177412 0.000000 8.266643 -0.010385 
278 0.038696 0.000000 0.031801 98.268556 0.000000 1.761557 0.034019 
279 0.001709 0.000000 -0.017057 98.283062 0.000000 2.393819 0.033471 
280 -0.022949 0.000000 -0.017057 98.291065 0.000000 2.719047 0.033147 
281 0.001709 0.000000 -0.041486 98.275674 0.000000 2.350562 0.033637 
282 0.014038 0.000000 -0.004842 99.007683 0.000000 15.959046 -0.005721 
283 0.001709 0.000000 -0.004842 98.285836 0.000000 2.402926 0.033412 
284 0.014038 0.000000 -0.017057 98.277156 0.000000 2.204187 0.033674 
285 0.026367 0.000000 -0.004842 99.507225 0.000000 11.239470 -0.002801 
286 0.014038 0.000000 0.007372 99.491151 0.000000 19.505067 -0.027894 
287 2.097656 0.000000 0.398235 99.957584 0.000000 5.151486 -0.001806 
288 2.097656 0.000000 0.007372 99.818660 0.000000 4.854924 0.001266 
289 2.492188 0.000000 0.398235 99.919357 0.000000 5.235291 -0.001129 
290 2.097656 0.000000 0.789097 100.049437 0.000000 5.713969 -0.004254 
291 2.097656 0.000000 -0.383490 99.635520 0.000000 5.347896 0.004416 
292 2.097656 0.000000 -0.774353 99.484914 0.000000 5.901132 0.006793 
293 2.492188 0.000000 -0.383490 99.704547 0.000000 5.503969 0.002871 
294 0.149658 0.000000 -0.017057 98.102588 0.000000 -0.692446 0.037540 
295 0.125000 0.000000 -0.017057 98.149007 0.000000 -0.115029 0.036676 
296 0.149658 0.000000 -0.041486 98.096706 0.000000 -0.681573 0.037657 
297 0.248291 0.000000 0.031801 97.912522 0.000000 -2.616857 0.040629 
298 0.272949 0.000000 0.031801 97.870618 0.000000 -2.943281 0.041268 
299 0.248291 0.000000 0.056230 97.920719 0.000000 -2.558667 0.040499 
300 0.100342 0.000000 -0.017057 98.189739 0.000000 0.461887 0.035856 
301 0.100342 0.000000 -0.041486 98.182239 0.000000 0.450693 0.036004 
302 0.014038 0.000000 0.019586 98.283655 0.000000 2.205473 0.033546 
303 0.001709 0.000000 0.019586 98.289361 0.000000 2.395143 0.033346 
304 0.014038 0.000000 0.031801 98.284401 0.000000 2.189688 0.033538 
305 0.038696 0.000000 -0.004842 99.654492 0.000000 8.043537 0.000428 
306 0.038696 0.000000 -0.017057 98.260854 0.000000 1.773693 0.034166 
307 0.051025 0.000000 -0.004842 99.584953 0.000000 5.284770 0.005491 
1 7 12 10 11 
2 12 2 13 10 
3 1 17 15 16 
4 17 7 11 15 
5 19 21 3 22 
6 20 19 22 9 
7 11 25 23 24 
8 25 10 26 23 
9 28 20 9 30 
10 29 28 30 4 
11 15 33 31 32 
12 33 11 24 31 
13 35 37 19 38 
14 36 35 38 20 
15 24 41 39 40 
16 41 23 42 39 
17 44 36 20 46 
18 45 44 46 28 
19 31 49 47 48 
20 49 24 40 47 
21 51 53 35 54 
22 52 51 54 36 
23 40 57 55 56 
24 57 39 58 55 
25 60 52 36 62 
26 61 60 62 44 
27 47 65 63 64 
28 65 40 56 63 
29 67 69 51 70 
30 68 67 70 52 
31 56 73 71 72 
32 73 55 74 71 
33 76 68 52 78 
34 77 76 78 60 
35 63 81 79 80 
36 81 56 72 79 
37 83 85 67 86 
38 84 83 86 68 
39 72 89 87 88 
40 89 71 90 87 
41 92 84 68 94 
42 93 92 94 76 
43 79 97 95 96 
44 97 72 88 95 
45 99 101 83 102 
46 100 99 102 84 
47 88 105 103 104 
48 105 87 106 103 
49 10 109 108 26 
50 109 13 110 108 
51 108 110 8 111 
52 26 108 111 14 
53 23 113 112 42 
54 113 26 114 112 
55 112 114 14 115 
56 42 112 115 27 
57 39 117 116 58 
58 117 42 118 116 
59 116 118 27 119 
60 55 121 120 74 
61 121 58 122 120 
62 120 122 43 123 
63 74 120 123 59 
64 71 125 124 90 
65 125 74 126 124 
66 124 126 59 127 
67 90 124 127 75 
68 87 129 128 106 
69 129 90 130 128 
70 128 130 75 131 
71 106 128 131 91 
72 132 100 84 134 
73 133 132 134 92 
74 135 137 99 138 
75 136 135 138 100 
76 103 141 139 140 
77 141 106 142 139 
78 139 142 91 143 
79 95 146 144 145 
80 146 88 104 144 
81 104 150 148 149 
82 150 103 140 148 
83 14 111 152 37 
84 111 8 153 152 
85 152 153 21 154 
86 37 152 154 19 
87 27 115 155 53 
88 115 14 156 155 
89 155 156 37 157 
90 53 155 157 35 
91 119 27 159 158 
92 158 159 53 160 
93 69 158 160 51 
94 59 123 161 85 
95 123 43 162 161 
96 161 162 69 163 
97 85 161 163 67 
98 75 127 164 101 
99 127 59 165 164 
100 164 165 85 166 
101 101 164 166 83 
102 91 131 167 137 
103 131 75 168 167 
104 167 168 101 169 
105 137 167 169 99 
106 143 91 172 170 
107 170 172 137 173 
108 171 170 173 135 
109 140 176 174 175 
110 176 139 177 174 
111 174 177 143 178 
112 175 174 178 107 
113 179 136 100 181 
114 180 179 181 132 
115 182 171 135 184 
116 183 182 184 136 
117 187 107 188 185 
118 185 188 171 189 
119 186 185 189 182 
120 190 183 136 193 
121 191 190 193 179 
122 5 196 194 195 
123 196 151 186 194 
124 194 186 182 197 
125 195 194 197 183 
126 148 200 198 199 
127 200 140 175 198 
128 198 175 107 187 
129 199 198 187 151 
130 151 203 201 202 
131 203 187 204 201 
132 201 204 185 205 
133 202 201 205 186 
134 144 208 206 207 
135 208 104 149 206 
136 192 211 209 210 
137 211 5 195 209 
138 209 195 183 212 
139 210 209 212 190 
140 6 215 213 214 
141 215 18 45 213 
142 213 45 28 216 
143 214 213 216 29 
144 18 219 217 218 
145 219 34 61 217 
146 217 61 44 220 
147 218 217 220 45 
148 34 223 221 222 
149 223 50 77 221 
150 221 77 60 224 
151 222 221 224 61 
152 50 227 225 226 
153 227 66 93 225 
154 225 93 76 228 
155 226 225 228 77 
156 66 231 229 230 
157 231 82 133 229 
158 229 133 92 232 
159 230 229 232 93 
160 82 235 233 234 
161 235 98 180 233 
162 233 180 132 236 
163 234 233 236 133 
164 98 239 237 238 
165 237 191 179 240 
166 238 237 240 180 
167 243 192 210 241 
168 241 210 190 244 
169 242 241 244 191 
170 16 247 245 246 
171 247 15 32 245 
172 245 32 18 215 
173 246 245 215 6 
174 32 250 248 249 
175 250 31 48 248 
176 248 48 34 219 
177 249 248 219 18 
178 48 253 251 252 
179 253 47 64 251 
180 251 64 50 223 
181 252 251 223 34 
182 64 256 254 255 
183 256 63 80 254 
184 254 80 66 227 
185 255 254 227 50 
186 80 259 257 258 
187 259 79 96 257 
188 257 96 82 231 
189 258 257 231 66 
190 96 262 260 261 
191 262 95 145 260 
192 260 145 98 235 
193 261 260 235 82 
194 145 265 263 264 
195 265 144 207 263 
196 264 263 239 98 
197 239 268 266 267 
198 266 242 191 269 
199 267 266 269 237 
200 207 272 270 271 
201 272 206 273 270 
202 270 273 192 243 
203 147 276 274 275 
204 276 243 277 274 
205 274 277 241 278 
206 275 274 278 242 
207 263 281 279 280 
208 281 207 271 279 
209 280 279 268 239 
210 279 284 282 283 
211 284 271 285 282 
212 282 285 147 286 
213 283 282 286 268 
214 43 288 287 162 
215 288 119 289 287 
216 287 289 158 290 
217 162 287 290 69 
218 58 292 291 122 
219 292 116 293 291 
220 291 293 119 288 
221 122 291 288 43 
222 149 296 294 295 
223 296 148 199 294 
224 294 199 151 196 
225 295 294 196 5 
226 107 178 297 188 
227 178 143 298 297 
228 297 298 170 299 
229 188 297 299 171 
230 206 301 300 273 
231 301 149 295 300 
232 300 295 5 211 
233 273 300 211 192 
234 268 286 302 303 
235 286 147 275 302 
236 302 275 242 304 
237 303 302 304 266 
238 271 306 305 285 
239 306 270 307 305 
240 305 307 243 276 
241 285 305 276 147 
