2 0.000000 100.000000 1057.418842
307 241 
1 -12.500000 0.000000 -12.500228 99.294717 0.000000 11.756609 0.000234 
2 12.750000 0.000000 -12.500228 99.299384 0.000000 11.691161 0.000295 
3 12.750000 0.000000 12.514972 99.329558 0.000000 11.657945 -0.000227 
4 -12.500000 0.000000 12.514972 99.321321 0.000000 11.755696 -0.000292 
5 0.125000 0.000000 0.007372 100.132799 0.000000 0.435290 -0.002677 
6 -12.500000 0.000000 0.007372 99.308729 0.000000 11.772463 -0.000081 
7 0.125000 0.000000 -12.500228 99.272903 0.000000 11.720131 0.000753 
8 12.750000 0.000000 0.007372 99.516254 0.000000 9.942895 -0.000235 
9 0.125000 0.000000 12.514972 99.348816 0.000000 11.712783 -0.000738 
10 6.437500 0.000000 -6.246428 99.276093 0.000000 11.518203 0.001159 
11 0.125000 0.000000 -6.246428 99.172402 0.000000 11.627495 0.002964 
12 6.437500 0.000000 -12.500228 99.285211 0.000000 11.694798 0.000568 
13 12.750000 0.000000 -6.246428 99.313933 0.000000 11.553728 0.000325 
14 6.437500 0.000000 0.007372 99.598722 0.000000 9.091042 -0.000255 
15 -6.187500 0.000000 -6.246428 99.258960 0.000000 11.765289 0.000924 
16 -12.500000 0.000000 -6.246428 99.295170 0.000000 11.765218 0.000205 
17 -6.187500 0.000000 -12.500228 99.282002 0.000000 11.747920 0.000507 
18 -6.187500 0.000000 0.007372 99.313361 0.000000 11.827060 -0.000302 
19 6.437500 0.000000 6.261172 99.389995 0.000000 11.417048 -0.000872 
20 0.125000 0.000000 6.261172 99.468740 0.000000 11.603426 -0.002867 
21 12.750000 0.000000 6.261172 99.366320 0.000000 11.331794 -0.000208 
22 6.437500 0.000000 12.514972 99.340684 0.000000 11.676922 -0.000492 
23 3.281250 0.000000 -3.119528 99.179685 0.000000 11.003915 0.004230 
24 0.125000 0.000000 -3.119528 98.851975 0.000000 11.370033 0.009901 
25 3.281250 0.000000 -6.246428 99.222385 0.000000 11.531653 0.002194 
26 6.437500 0.000000 -3.119528 99.320248 0.000000 11.088066 0.001254 
27 3.281250 0.000000 0.007372 99.613467 0.000000 8.391144 0.000675 
28 -6.187500 0.000000 6.261172 99.363187 0.000000 11.762111 -0.001139 
29 -12.500000 0.000000 6.261172 99.321774 0.000000 11.764503 -0.000322 
30 -6.187500 0.000000 12.514972 99.336069 0.000000 11.745406 -0.000561 
31 -3.031250 0.000000 -3.119528 99.126333 0.000000 11.799911 0.003473 
32 -6.187500 0.000000 -3.119528 99.261010 0.000000 11.799095 0.000803 
33 -3.031250 0.000000 -6.246428 99.210198 0.000000 11.732415 0.001969 
34 -3.031250 0.000000 0.007372 99.325891 0.000000 12.022013 -0.001016 
35 3.281250 0.000000 3.134272 99.569114 0.000000 10.803720 -0.003073 
36 0.125000 0.000000 3.134272 99.835115 0.000000 11.317077 -0.009513 
37 6.437500 0.000000 3.134272 99.470771 0.000000 10.654825 -0.000796 
38 3.281250 0.000000 6.261172 99.432974 0.000000 11.477130 -0.001864 
39 1.703125 0.000000 -1.556078 98.825940 0.000000 10.009423 0.013324 
40 0.125000 0.000000 -1.556078 97.981331 0.000000 10.932171 0.028015 
41 1.703125 0.000000 -3.119528 98.998453 0.000000 11.069795 0.007677 
42 3.281250 0.000000 -1.556078 99.259567 0.000000 10.157978 0.004435 
43 1.703125 0.000000 0.007372 99.547422 0.000000 7.638265 0.003197 
44 -3.031250 0.000000 3.134272 99.515319 0.000000 11.790446 -0.004231 
45 -6.187500 0.000000 3.134272 99.364089 0.000000 11.796686 -0.001238 
46 -3.031250 0.000000 6.261172 99.418776 0.000000 11.724056 -0.002155 
47 -1.453125 0.000000 -1.556078 98.726896 0.000000 11.960327 0.010995 
48 -3.031250 0.000000 -1.556078 99.140262 0.000000 11.922927 0.002905 
49 -1.453125 0.000000 -3.119528 98.962869 0.000000 11.690941 0.006967 
50 -1.453125 0.000000 0.007372 99.346655 0.000000 12.653954 -0.002988 
51 1.703125 0.000000 1.570822 100.014480 0.000000 9.799660 -0.009893 
52 0.125000 0.000000 1.570822 100.771775 0.000000 10.862773 -0.027295 
53 3.281250 0.000000 1.570822 99.650700 0.000000 9.728198 -0.002490 
54 1.703125 0.000000 3.134272 99.721103 0.000000 10.956853 -0.006435 
55 0.914062 0.000000 -0.774353 97.964809 0.000000 8.646249 0.032814 
56 0.125000 0.000000 -0.774353 96.137942 0.000000 10.444007 0.064842 
57 0.914062 0.000000 -1.556078 98.350088 0.000000 10.207853 0.022306 
58 1.703125 0.000000 -0.774353 98.960059 0.000000 8.915457 0.012742 
59 0.914062 0.000000 0.007372 99.481962 0.000000 6.154840 0.006546 
60 -1.453125 0.000000 1.570822 99.953759 0.000000 11.941275 -0.013335 
61 -3.031250 0.000000 1.570822 99.508428 0.000000 11.916299 -0.004393 
62 -1.453125 0.000000 3.134272 99.696424 0.000000 11.668718 -0.007554 
63 -0.664062 0.000000 -0.774353 97.755720 0.000000 12.538967 0.028659 
64 -1.453125 0.000000 -0.774353 98.794129 0.000000 12.360019 0.008695 
65 -0.664062 0.000000 -1.556078 98.266352 0.000000 11.705727 0.020670 
66 -0.664062 0.000000 0.007372 99.364530 0.000000 14.333806 -0.007877 
67 0.914062 0.000000 0.789097 100.916385 0.000000 8.512514 -0.025658 
68 0.125000 0.000000 0.789097 102.670814 0.000000 10.392134 -0.064929 
69 1.703125 0.000000 0.789097 99.995810 0.000000 8.659277 -0.007415 
70 0.914062 0.000000 1.570822 100.448288 0.000000 10.079940 -0.019146 
71 0.519531 0.000000 -0.383490 96.229423 0.000000 6.617836 0.069610 
72 0.125000 0.000000 -0.383490 98.172904 0.000000 0.011228 0.036208 
73 0.519531 0.000000 -0.774353 96.927362 0.000000 9.018880 0.052375 
74 0.914062 0.000000 -0.383490 98.247789 0.000000 7.215895 0.029530 
75 0.519531 0.000000 0.007372 96.763125 0.000000 -15.264687 0.040389 
76 -0.664062 0.000000 0.789097 100.974670 0.000000 12.519427 -0.035262 
77 -1.453125 0.000000 0.789097 99.896015 0.000000 12.348930 -0.013171 
78 -0.664062 0.000000 1.570822 100.444875 0.000000 11.670225 -0.022537 
79 -0.269531 0.000000 -0.383490 95.627007 0.000000 14.004047 0.065936 
80 -0.664062 0.000000 -0.383490 97.974282 0.000000 13.572029 0.021684 
81 -0.269531 0.000000 -0.774353 96.713746 0.000000 12.016304 0.050206 
82 -0.269531 0.000000 0.007372 99.979641 0.000000 15.383601 -0.023258 
83 0.519531 0.000000 0.398235 102.643269 0.000000 6.526525 -0.057824 
84 0.125000 0.000000 0.398235 98.218310 0.000000 0.011284 0.035316 
85 0.914062 0.000000 0.398235 100.682260 0.000000 7.100997 -0.018734 
86 0.519531 0.000000 0.789097 101.917021 0.000000 8.927029 -0.046677 
87 0.322266 0.000000 -0.188059 97.896681 0.000000 -2.444842 0.041026 
88 0.125000 0.000000 -0.188059 98.205284 0.000000 0.009511 0.035572 
89 0.322266 0.000000 -0.383490 95.994880 0.000000 -18.567191 0.044024 
90 0.519531 0.000000 -0.188059 95.883955 0.000000 -18.876041 0.044996 
91 0.322266 0.000000 0.007372 97.813121 0.000000 -3.290261 0.042177 
92 -0.269531 0.000000 0.398235 103.132545 0.000000 14.010941 -0.083263 
93 -0.664062 0.000000 0.398235 100.757091 0.000000 13.564761 -0.033599 
94 -0.269531 0.000000 0.789097 102.049898 0.000000 11.989313 -0.055793 
95 -0.072266 0.000000 -0.188059 98.417305 0.000000 2.459475 0.030799 
96 -0.269531 0.000000 -0.188059 99.803911 0.000000 18.722505 -0.031135 
97 -0.072266 0.000000 -0.383490 99.847133 0.000000 18.452647 -0.030995 
98 -0.072266 0.000000 0.007372 98.512107 0.000000 3.298843 0.028448 
99 0.322266 0.000000 0.202803 97.942791 0.000000 -2.370298 0.040159 
100 0.125000 0.000000 0.202803 98.251602 0.000000 0.009582 0.034662 
101 0.519531 0.000000 0.202803 95.921748 0.000000 -18.777129 0.044644 
102 0.322266 0.000000 0.398235 96.594774 0.000000 -16.343007 0.040236 
103 0.223633 0.000000 -0.090344 98.000670 0.000000 -1.923119 0.039217 
104 0.125000 0.000000 -0.090344 98.235605 0.000000 0.008483 0.034977 
105 0.223633 0.000000 -0.188059 98.030588 0.000000 -1.476901 0.038782 
106 0.322266 0.000000 -0.090344 97.832134 0.000000 -3.041216 0.041962 
107 0.223633 0.000000 0.007372 97.534503 0.000000 -15.875218 0.023500 
108 9.593750 0.000000 -3.119528 99.347716 0.000000 11.189403 0.000483 
109 9.593750 0.000000 -6.246428 99.302847 0.000000 11.533829 0.000592 
110 12.750000 0.000000 -3.119528 99.351710 0.000000 11.266804 0.000230 
111 9.593750 0.000000 0.007372 99.555633 0.000000 9.574076 -0.000299 
112 4.859375 0.000000 -1.556078 99.371887 0.000000 10.328130 0.001856 
113 4.859375 0.000000 -3.119528 99.273745 0.000000 11.034263 0.002297 
114 6.437500 0.000000 -1.556078 99.405479 0.000000 10.468512 0.000896 
115 4.859375 0.000000 0.007372 99.614677 0.000000 8.792301 -0.000039 
116 2.492188 0.000000 -0.774353 99.275528 0.000000 9.214648 0.005946 
117 2.492188 0.000000 -1.556078 99.116256 0.000000 10.064519 0.007467 
118 3.281250 0.000000 -0.774353 99.394277 0.000000 9.425834 0.003193 
119 2.492188 0.000000 0.007372 99.595180 0.000000 8.114829 0.001495 
120 1.308594 0.000000 -0.383490 98.922736 0.000000 7.826297 0.015304 
121 1.308594 0.000000 -0.774353 98.605495 0.000000 8.735349 0.020065 
122 1.703125 0.000000 -0.383490 99.200065 0.000000 8.213207 0.009189 
123 1.308594 0.000000 0.007372 99.520473 0.000000 7.164287 0.004435 
124 0.716797 0.000000 -0.188059 98.187373 0.000000 5.685628 0.032691 
125 0.716797 0.000000 -0.383490 97.521321 0.000000 6.839225 0.044282 
126 0.914062 0.000000 -0.188059 98.754502 0.000000 6.500099 0.020530 
127 0.716797 0.000000 0.007372 99.452750 0.000000 5.101176 0.008313 
128 0.420898 0.000000 -0.090344 97.778020 0.000000 -3.311835 0.042849 
129 0.420898 0.000000 -0.188059 97.447744 0.000000 -11.648483 0.036825 
130 0.519531 0.000000 -0.090344 96.360121 0.000000 -17.048460 0.042408 
131 0.420898 0.000000 0.007372 97.760244 0.000000 -3.506049 0.043064 
132 -0.072266 0.000000 0.202803 98.446899 0.000000 2.386156 0.030251 
133 -0.269531 0.000000 0.202803 99.819660 0.000000 18.640328 -0.031143 
134 -0.072266 0.000000 0.398235 100.002087 0.000000 16.442424 -0.027077 
135 0.223633 0.000000 0.105088 98.035475 0.000000 -1.877750 0.038552 
136 0.125000 0.000000 0.105088 98.266942 0.000000 0.008540 0.034361 
137 0.322266 0.000000 0.105088 97.863457 0.000000 -2.981825 0.041385 
138 0.223633 0.000000 0.202803 98.080598 0.000000 -1.424138 0.037817 
139 0.272949 0.000000 -0.041486 97.887383 0.000000 -2.792248 0.041026 
140 0.223633 0.000000 -0.041486 97.994602 0.000000 -2.074146 0.039276 
141 0.272949 0.000000 -0.090344 97.901732 0.000000 -2.605766 0.040846 
142 0.322266 0.000000 -0.041486 97.813894 0.000000 -3.232658 0.042199 
143 0.272949 0.000000 0.007372 97.888559 0.000000 -2.849007 0.040971 
144 0.026367 0.000000 -0.090344 98.410177 0.000000 1.937019 0.031169 
145 -0.072266 0.000000 -0.090344 98.478765 0.000000 3.051466 0.029262 
146 0.026367 0.000000 -0.188059 98.345920 0.000000 1.494137 0.032585 
147 0.026367 0.000000 0.007372 100.907514 0.000000 15.260616 -0.041521 
148 0.174316 0.000000 -0.041486 98.122936 0.000000 -1.106585 0.037066 
149 0.125000 0.000000 -0.041486 98.251178 0.000000 0.008141 0.034671 
150 0.174316 0.000000 -0.090344 98.117953 0.000000 -1.021539 0.037182 
151 0.174316 0.000000 0.007372 99.460193 0.000000 -5.459997 0.007786 
152 9.593750 0.000000 3.134272 99.467723 0.000000 10.481507 -0.000369 
153 12.750000 0.000000 3.134272 99.488557 0.000000 10.250383 -0.000304 
154 9.593750 0.000000 6.261172 99.371120 0.000000 11.375894 -0.000403 
155 4.859375 0.000000 1.570822 99.589244 0.000000 9.628257 -0.001072 
156 6.437500 0.000000 1.570822 99.588132 0.000000 9.473399 -0.000754 
157 4.859375 0.000000 3.134272 99.499292 0.000000 10.725032 -0.001514 
158 2.492188 0.000000 0.789097 99.743008 0.000000 8.793586 -0.002599 
159 3.281250 0.000000 0.789097 99.675447 0.000000 8.808044 -0.001278 
160 2.492188 0.000000 1.570822 99.761010 0.000000 9.752835 -0.004738 
161 1.308594 0.000000 0.398235 100.066175 0.000000 7.646701 -0.007171 
162 1.703125 0.000000 0.398235 99.834914 0.000000 7.957763 -0.003034 
163 1.308594 0.000000 0.789097 100.314717 0.000000 8.546702 -0.013609 
164 0.716797 0.000000 0.202803 100.717375 0.000000 5.620770 -0.017558 
165 0.914062 0.000000 0.202803 100.198520 0.000000 6.422617 -0.008099 
166 0.716797 0.000000 0.398235 101.376126 0.000000 6.743326 -0.032259 
167 0.420898 0.000000 0.105088 97.850934 0.000000 -4.750118 0.040263 
168 0.519531 0.000000 0.105088 96.383528 0.000000 -16.983555 0.042177 
169 0.420898 0.000000 0.202803 97.497009 0.000000 -11.496389 0.036217 
170 0.272949 0.000000 0.056230 97.906177 0.000000 -2.759081 0.040677 
171 0.223633 0.000000 0.056230 98.013897 0.000000 -2.047424 0.038908 
172 0.322266 0.000000 0.056230 97.831105 0.000000 -3.198547 0.041884 
173 0.272949 0.000000 0.105088 97.935687 0.000000 -2.548885 0.040210 
174 0.248291 0.000000 -0.017057 97.936783 0.000000 -2.511432 0.040208 
175 0.223633 0.000000 -0.017057 97.995416 0.000000 -2.112237 0.039244 
176 0.248291 0.000000 -0.041486 97.937276 0.000000 -2.467980 0.040220 
177 0.272949 0.000000 -0.017057 97.885834 0.000000 -2.838932 0.041030 
178 0.248291 0.000000 0.007372 97.939941 0.000000 -2.520848 0.040141 
179 0.026367 0.000000 0.105088 98.434891 0.000000 1.892275 0.030699 
180 -0.072266 0.000000 0.105088 98.496948 0.000000 2.993261 0.028939 
181 0.026367 0.000000 0.202803 98.384194 0.000000 1.441977 0.031847 
182 0.174316 0.000000 0.056230 98.141591 0.000000 -1.091641 0.036704 
183 0.125000 0.000000 0.056230 98.268369 0.000000 0.008175 0.034333 
184 0.174316 0.000000 0.105088 98.151730 0.000000 -0.996287 0.036525 
185 0.198975 0.000000 0.031801 98.069461 0.000000 -1.636213 0.037970 
186 0.174316 0.000000 0.031801 99.118525 0.000000 -2.996407 0.016654 
187 0.198975 0.000000 0.007372 98.790026 0.000000 -9.146396 0.015687 
188 0.223633 0.000000 0.031801 98.005333 0.000000 -2.098286 0.039055 
189 0.198975 0.000000 0.056230 98.076459 0.000000 -1.595308 0.037846 
190 0.075684 0.000000 0.056230 98.374508 0.000000 1.107038 0.032123 
191 0.026367 0.000000 0.056230 98.449230 0.000000 2.060570 0.030350 
192 0.075684 0.000000 0.007372 100.526515 0.000000 5.670264 -0.013773 
193 0.075684 0.000000 0.105088 98.364495 0.000000 1.012616 0.032340 
194 0.149658 0.000000 0.031801 99.665652 0.000000 -2.134313 0.006220 
195 0.125000 0.000000 0.031801 99.915231 0.000000 0.430553 0.001676 
196 0.149658 0.000000 0.007372 99.873473 0.000000 -2.362234 0.001971 
197 0.149658 0.000000 0.056230 98.206471 0.000000 -0.551231 0.035519 
198 0.198975 0.000000 -0.017057 98.059645 0.000000 -1.647395 0.038159 
199 0.174316 0.000000 -0.017057 98.126760 0.000000 -1.128128 0.036987 
200 0.198975 0.000000 -0.041486 98.057355 0.000000 -1.616708 0.038214 
201 0.186646 0.000000 0.019586 99.343243 0.000000 -6.608568 0.008725 
202 0.174316 0.000000 0.019586 99.475884 0.000000 -5.377385 0.007563 
203 0.186646 0.000000 0.007372 99.390031 0.000000 -7.171831 0.007019 
204 0.198975 0.000000 0.019586 98.794326 0.000000 -8.496803 0.016749 
205 0.186646 0.000000 0.031801 98.771857 0.000000 -4.985150 0.021927 
206 0.075684 0.000000 -0.041486 98.359188 0.000000 1.121819 0.032421 
207 0.026367 0.000000 -0.041486 98.435878 0.000000 2.086900 0.030602 
208 0.075684 0.000000 -0.090344 98.336351 0.000000 1.037603 0.032889 
209 0.100342 0.000000 0.031801 99.615707 0.000000 1.604794 0.007414 
210 0.075684 0.000000 0.031801 99.677119 0.000000 3.438275 0.005265 
211 0.100342 0.000000 0.007372 100.331469 0.000000 3.047295 -0.007569 
212 0.100342 0.000000 0.056230 98.324953 0.000000 0.567332 0.033188 
213 -9.343750 0.000000 3.134272 99.328403 0.000000 11.779458 -0.000489 
214 -12.500000 0.000000 3.134272 99.317097 0.000000 11.769890 -0.000242 
215 -9.343750 0.000000 0.007372 99.310035 0.000000 11.786876 -0.000141 
216 -9.343750 0.000000 6.261172 99.334673 0.000000 11.766524 -0.000583 
217 -4.609375 0.000000 1.570822 99.389063 0.000000 11.859840 -0.001884 
218 -6.187500 0.000000 1.570822 99.345685 0.000000 11.817283 -0.000921 
219 -4.609375 0.000000 0.007372 99.317378 0.000000 11.887599 -0.000526 
220 -4.609375 0.000000 3.134272 99.411835 0.000000 11.804436 -0.002206 
221 -2.242188 0.000000 0.789097 99.562933 0.000000 12.118677 -0.005964 
222 -3.031250 0.000000 0.789097 99.439406 0.000000 11.988729 -0.003193 
223 -2.242188 0.000000 0.007372 99.333683 0.000000 12.206343 -0.001618 
224 -2.242188 0.000000 1.570822 99.657404 0.000000 11.952077 -0.007445 
225 -1.058594 0.000000 0.398235 99.985950 0.000000 12.944426 -0.016475 
226 -1.453125 0.000000 0.398235 99.682379 0.000000 12.563682 -0.009442 
227 -1.058594 0.000000 0.007372 99.355420 0.000000 13.176932 -0.004513 
228 -1.058594 0.000000 0.789097 100.273367 0.000000 12.484069 -0.021060 
229 -0.466797 0.000000 0.202803 100.905082 0.000000 15.034425 -0.040787 
230 -0.664062 0.000000 0.202803 100.208453 0.000000 14.101218 -0.024058 
231 -0.466797 0.000000 0.007372 99.367429 0.000000 15.608907 -0.011752 
232 -0.466797 0.000000 0.398235 101.612590 0.000000 13.928270 -0.051912 
233 -0.170898 0.000000 0.105088 98.948851 0.000000 5.086468 0.018325 
234 -0.269531 0.000000 0.105088 99.989697 0.000000 15.299705 -0.023202 
235 -0.170898 0.000000 0.007372 98.505332 0.000000 3.515549 0.028434 
236 -0.170898 0.000000 0.202803 99.829749 0.000000 9.997261 -0.006592 
237 -0.022949 0.000000 0.056230 98.492337 0.000000 2.769957 0.029159 
238 -0.072266 0.000000 0.056230 98.510537 0.000000 3.208109 0.028538 
239 -0.022949 0.000000 0.007372 98.493889 0.000000 2.858977 0.029078 
240 -0.022949 0.000000 0.105088 98.477316 0.000000 2.561519 0.029566 
241 0.051025 0.000000 0.031801 99.680435 0.000000 4.960404 0.003921 
242 0.026367 0.000000 0.031801 98.451471 0.000000 2.110982 0.030285 
243 0.051025 0.000000 0.007372 100.685930 0.000000 8.836299 -0.021574 
244 0.051025 0.000000 0.056230 98.416032 0.000000 1.609664 0.031169 
245 -9.343750 0.000000 -3.119528 99.291258 0.000000 11.780346 0.000247 
246 -12.500000 0.000000 -3.119528 99.300215 0.000000 11.770304 0.000093 
247 -9.343750 0.000000 -6.246428 99.284052 0.000000 11.767929 0.000419 
248 -4.609375 0.000000 -1.556078 99.244521 0.000000 11.862578 0.000980 
249 -6.187500 0.000000 -1.556078 99.280587 0.000000 11.818658 0.000368 
250 -4.609375 0.000000 -3.119528 99.219035 0.000000 11.808963 0.001613 
251 -2.242188 0.000000 -0.774353 99.102664 0.000000 12.124847 0.003165 
252 -3.031250 0.000000 -0.774353 99.211435 0.000000 11.992370 0.001327 
253 -2.242188 0.000000 -1.556078 99.004095 0.000000 11.963102 0.005507 
254 -1.058594 0.000000 -0.383490 98.724331 0.000000 12.951693 0.008576 
255 -1.453125 0.000000 -0.383490 99.011250 0.000000 12.565310 0.003889 
256 -1.058594 0.000000 -0.774353 98.434149 0.000000 12.498915 0.015450 
257 -0.466797 0.000000 -0.188059 97.832097 0.000000 15.034477 0.020285 
258 -0.664062 0.000000 -0.188059 98.521362 0.000000 14.104178 0.009461 
259 -0.466797 0.000000 -0.383490 97.130744 0.000000 13.932337 0.037151 
260 -0.170898 0.000000 -0.090344 98.482238 0.000000 3.322512 0.029021 
261 -0.269531 0.000000 -0.090344 99.917971 0.000000 17.063480 -0.027476 
262 -0.170898 0.000000 -0.188059 99.933231 0.000000 11.813765 -0.012622 
263 -0.022949 0.000000 -0.041486 98.480896 0.000000 2.802509 0.029366 
264 -0.072266 0.000000 -0.041486 98.500869 0.000000 3.241498 0.028707 
265 -0.022949 0.000000 -0.090344 98.455975 0.000000 2.617410 0.029957 
266 0.001709 0.000000 0.031801 98.476945 0.000000 2.506842 0.029601 
267 -0.022949 0.000000 0.031801 98.494953 0.000000 2.831947 0.029072 
268 0.001709 0.000000 0.007372 98.475691 0.000000 2.531978 0.029613 
269 0.001709 0.000000 0.056230 98.474414 0.000000 2.449241 0.029679 
270 0.051025 0.000000 -0.017057 98.410396 0.000000 1.661247 0.031263 
271 0.026367 0.000000 -0.017057 98.444657 0.000000 2.124726 0.030413 
272 0.051025 0.000000 -0.041486 98.401696 0.000000 1.630796 0.031445 
273 0.075684 0.000000 -0.017057 98.367505 0.000000 1.143155 0.032253 
274 0.038696 0.000000 0.019586 100.493931 0.000000 9.021337 -0.018041 
275 0.026367 0.000000 0.019586 99.927148 0.000000 7.808915 -0.004641 
276 0.038696 0.000000 0.007372 101.143628 0.000000 12.207086 -0.037905 
277 0.051025 0.000000 0.019586 100.525681 0.000000 8.337852 -0.017493 
278 0.038696 0.000000 0.031801 98.435665 0.000000 1.888141 0.030685 
279 0.001709 0.000000 -0.017057 98.470632 0.000000 2.522568 0.029717 
280 -0.022949 0.000000 -0.017057 98.489125 0.000000 2.848893 0.029178 
281 0.001709 0.000000 -0.041486 98.462030 0.000000 2.479403 0.029908 
282 0.014038 0.000000 -0.004842 99.846410 0.000000 16.189141 -0.023139 
283 0.001709 0.000000 -0.004842 98.473627 0.000000 2.531610 0.029654 
284 0.014038 0.000000 -0.017057 98.458638 0.000000 2.332344 0.030046 
285 0.026367 0.000000 -0.004842 100.067391 0.000000 11.379599 -0.014298 
286 0.014038 0.000000 0.007372 100.477888 0.000000 19.739604 -0.048546 
287 2.097656 0.000000 0.398235 99.739213 0.000000 8.127469 -0.001397 
288 2.097656 0.000000 0.007372 99.571469 0.000000 7.923231 0.002275 
289 2.492188 0.000000 0.398235 99.701095 0.000000 8.216541 -0.000782 
290 2.097656 0.000000 0.789097 99.835917 0.000000 8.730721 -0.004344 
291 2.097656 0.000000 -0.383490 99.340827 0.000000 8.481536 0.005946 
292 2.097656 0.000000 -0.774353 99.152562 0.000000 9.064537 0.008660 
293 2.492188 0.000000 -0.383490 99.420705 0.000000 8.675326 0.004026 
294 0.149658 0.000000 -0.017057 98.193765 0.000000 -0.570062 0.035766 
295 0.125000 0.000000 -0.017057 98.257760 0.000000 0.008053 0.034541 
296 0.149658 0.000000 -0.041486 98.188473 0.000000 -0.558920 0.035871 
297 0.248291 0.000000 0.031801 97.946648 0.000000 -2.495435 0.040023 
298 0.272949 0.000000 0.031801 97.895490 0.000000 -2.821661 0.040851 
299 0.248291 0.000000 0.056230 97.956470 0.000000 -2.437305 0.039859 
300 0.100342 0.000000 -0.017057 98.316277 0.000000 0.585885 0.033357 
301 0.100342 0.000000 -0.041486 98.308670 0.000000 0.574928 0.033507 
302 0.014038 0.000000 0.019586 98.464994 0.000000 2.333394 0.029920 
303 0.001709 0.000000 0.019586 98.476799 0.000000 2.523664 0.029595 
304 0.014038 0.000000 0.031801 98.465201 0.000000 2.317514 0.029923 
305 0.038696 0.000000 -0.004842 100.030650 0.000000 8.141620 -0.007242 
306 0.038696 0.000000 -0.017057 98.428597 0.000000 1.900617 0.030820 
307 0.051025 0.000000 -0.004842 99.829460 0.000000 5.365955 0.000529 
1 7 12 10 11 
2 12 2 13 10 
3 1 17 15 16 
4 17 7 11 15 
5 19 21 3 22 
6 20 19 22 9 
7 11 25 23 24 
8 25 10 26 23 
9 28 20 9 30 
10 29 28 30 4 
11 15 33 31 32 
12 33 11 24 31 
13 35 37 19 38 
14 36 35 38 20 
15 24 41 39 40 
16 41 23 42 39 
17 44 36 20 46 
18 45 44 46 28 
19 31 49 47 48 
20 49 24 40 47 
21 51 53 35 54 
22 52 51 54 36 
23 40 57 55 56 
24 57 39 58 55 
25 60 52 36 62 
26 61 60 62 44 
27 47 65 63 64 
28 65 40 56 63 
29 67 69 51 70 
30 68 67 70 52 
31 56 73 71 72 
32 73 55 74 71 
33 76 68 52 78 
34 77 76 78 60 
35 63 81 79 80 
36 81 56 72 79 
37 83 85 67 86 
38 84 83 86 68 
39 72 89 87 88 
40 89 71 90 87 
41 92 84 68 94 
42 93 92 94 76 
43 79 97 95 96 
44 97 72 88 95 
45 99 101 83 102 
46 100 99 102 84 
47 88 105 103 104 
48 105 87 106 103 
49 10 109 108 26 
50 109 13 110 108 
51 108 110 8 111 
52 26 108 111 14 
53 23 113 112 42 
54 113 26 114 112 
55 112 114 14 115 
56 42 112 115 27 
57 39 117 116 58 
58 117 42 118 116 
59 116 118 27 119 
60 55 121 120 74 
61 121 58 122 120 
62 120 122 43 123 
63 74 120 123 59 
64 71 125 124 90 
65 125 74 126 124 
66 124 126 59 127 
67 90 124 127 75 
68 87 129 128 106 
69 129 90 130 128 
70 128 130 75 131 
71 106 128 131 91 
72 132 100 84 134 
73 133 132 134 92 
74 135 137 99 138 
75 136 135 138 100 
76 103 141 139 140 
77 141 106 142 139 
78 139 142 91 143 
79 95 146 144 145 
80 146 88 104 144 
81 104 150 148 149 
82 150 103 140 148 
83 14 111 152 37 
84 111 8 153 152 
85 152 153 21 154 
86 37 152 154 19 
87 27 115 155 53 
88 115 14 156 155 
89 155 156 37 157 
90 53 155 157 35 
91 119 27 159 158 
92 158 159 53 160 
93 69 158 160 51 
94 59 123 161 85 
95 123 43 162 161 
96 161 162 69 163 
97 85 161 163 67 
98 75 127 164 101 
99 127 59 165 164 
100 164 165 85 166 
101 101 164 166 83 
102 91 131 167 137 
103 131 75 168 167 
104 167 168 101 169 
105 137 167 169 99 
106 143 91 172 170 
107 170 172 137 173 
108 171 170 173 135 
109 140 176 174 175 
110 176 139 177 174 
111 174 177 143 178 
112 175 174 178 107 
113 179 136 100 181 
114 180 179 181 132 
115 182 171 135 184 
116 183 182 184 136 
117 187 107 188 185 
118 185 188 171 189 
119 186 185 189 182 
120 190 183 136 193 
121 191 190 193 179 
122 5 196 194 195 
123 196 151 186 194 
124 194 186 182 197 
125 195 194 197 183 
126 148 200 198 199 
127 200 140 175 198 
128 198 175 107 187 
129 199 198 187 151 
130 151 203 201 202 
131 203 187 204 201 
132 201 204 185 205 
133 202 201 205 186 
134 144 208 206 207 
135 208 104 149 206 
136 192 211 209 210 
137 211 5 195 209 
138 209 195 183 212 
139 210 209 212 190 
140 6 215 213 214 
141 215 18 45 213 
142 213 45 28 216 
143 214 213 216 29 
144 18 219 217 218 
145 219 34 61 217 
146 217 61 44 220 
147 218 217 220 45 
148 34 223 221 222 
149 223 50 77 221 
150 221 77 60 224 
151 222 221 224 61 
152 50 227 225 226 
153 227 66 93 225 
154 225 93 76 228 
155 226 225 228 77 
156 66 231 229 230 
157 231 82 133 229 
158 229 133 92 232 
159 230 229 232 93 
160 82 235 233 234 
161 235 98 180 233 
162 233 180 132 236 
163 234 233 236 133 
164 98 239 237 238 
165 237 191 179 240 
166 238 237 240 180 
167 243 192 210 241 
168 241 210 190 244 
169 242 241 244 191 
170 16 247 245 246 
171 247 15 32 245 
172 245 32 18 215 
173 246 245 215 6 
174 32 250 248 249 
175 250 31 48 248 
176 248 48 34 219 
177 249 248 219 18 
178 48 253 251 252 
179 253 47 64 251 
180 251 64 50 223 
181 252 251 223 34 
182 64 256 254 255 
183 256 63 80 254 
184 254 80 66 227 
185 255 254 227 50 
186 80 259 257 258 
187 259 79 96 257 
188 257 96 82 231 
189 258 257 231 66 
190 96 262 260 261 
191 262 95 145 260 
192 260 145 98 235 
193 261 260 235 82 
194 145 265 263 264 
195 265 144 207 263 
196 264 263 239 98 
197 239 268 266 267 
198 266 242 191 269 
199 267 266 269 237 
200 207 272 270 271 
201 272 206 273 270 
202 270 273 192 243 
203 147 276 274 275 
204 276 243 277 274 
205 274 277 241 278 
206 275 274 278 242 
207 263 281 279 280 
208 281 207 271 279 
209 280 279 268 239 
210 279 284 282 283 
211 284 271 285 282 
212 282 285 147 286 
213 283 282 286 268 
214 43 288 287 162 
215 288 119 289 287 
216 287 289 158 290 
217 162 287 290 69 
218 58 292 291 122 
219 292 116 293 291 
220 291 293 119 288 
221 122 291 288 43 
222 149 296 294 295 
223 296 148 199 294 
224 294 199 151 196 
225 295 294 196 5 
226 107 178 297 188 
227 178 143 298 297 
228 297 298 170 299 
229 188 297 299 171 
230 206 301 300 273 
231 301 149 295 300 
232 300 295 5 211 
233 273 300 211 192 
234 268 286 302 303 
235 286 147 275 302 
236 302 275 242 304 
237 303 302 304 266 
238 271 306 305 285 
239 306 270 307 305 
240 305 307 243 276 
241 285 305 276 147 
