2 0.000000 100.000000 1057.418842
307 241 
1 -12.500000 0.000000 -12.500228 99.393914 0.000000 10.889406 0.000227 
2 12.750000 0.000000 -12.500228 99.398151 0.000000 10.825755 0.000281 
3 12.750000 0.000000 12.514972 99.426563 0.000000 10.796427 -0.000220 
4 -12.500000 0.000000 12.514972 99.419433 0.000000 10.888598 -0.000279 
5 0.125000 0.000000 0.007372 100.137194 0.000000 0.424919 -0.002764 
6 -12.500000 0.000000 0.007372 99.407300 0.000000 10.904649 -0.000072 
7 0.125000 0.000000 -12.500228 99.372809 0.000000 10.854178 0.000723 
8 12.750000 0.000000 0.007372 99.602557 0.000000 9.048550 -0.000255 
9 0.125000 0.000000 12.514972 99.445567 0.000000 10.847680 -0.000709 
10 6.437500 0.000000 -6.246428 99.374907 0.000000 10.657646 0.001104 
11 0.125000 0.000000 -6.246428 99.275625 0.000000 10.764630 0.002847 
12 6.437500 0.000000 -12.500228 99.384547 0.000000 10.829565 0.000543 
13 12.750000 0.000000 -6.246428 99.411481 0.000000 10.690066 0.000308 
14 6.437500 0.000000 0.007372 99.674601 0.000000 8.240374 -0.000293 
15 -6.187500 0.000000 -6.246428 99.359387 0.000000 10.897645 0.000895 
16 -12.500000 0.000000 -6.246428 99.394314 0.000000 10.897672 0.000201 
17 -6.187500 0.000000 -12.500228 99.381646 0.000000 10.881010 0.000489 
18 -6.187500 0.000000 0.007372 99.411383 0.000000 10.957007 -0.000268 
19 6.437500 0.000000 6.261172 99.482616 0.000000 10.568361 -0.000848 
20 0.125000 0.000000 6.261172 99.559903 0.000000 10.743331 -0.002759 
21 12.750000 0.000000 6.261172 99.457907 0.000000 10.495227 -0.000203 
22 6.437500 0.000000 12.514972 99.437516 0.000000 10.813756 -0.000476 
23 3.281250 0.000000 -3.119528 99.279947 0.000000 10.159413 0.004028 
24 0.125000 0.000000 -3.119528 98.966537 0.000000 10.516032 0.009504 
25 3.281250 0.000000 -6.246428 99.323374 0.000000 10.671615 0.002098 
26 6.437500 0.000000 -3.119528 99.415158 0.000000 10.235348 0.001186 
27 3.281250 0.000000 0.007372 99.684677 0.000000 7.589516 0.000536 
28 -6.187500 0.000000 6.261172 99.459358 0.000000 10.894842 -0.001086 
29 -12.500000 0.000000 6.261172 99.419833 0.000000 10.897040 -0.000305 
30 -6.187500 0.000000 12.514972 99.433501 0.000000 10.878787 -0.000537 
31 -3.031250 0.000000 -3.119528 99.231475 0.000000 10.930440 0.003364 
32 -6.187500 0.000000 -3.119528 99.361238 0.000000 10.930099 0.000788 
33 -3.031250 0.000000 -6.246428 99.312359 0.000000 10.865908 0.001899 
34 -3.031250 0.000000 0.007372 99.422367 0.000000 11.143636 -0.000899 
35 3.281250 0.000000 3.134272 99.650795 0.000000 9.982730 -0.002994 
36 0.125000 0.000000 3.134272 99.909492 0.000000 10.469516 -0.009152 
37 6.437500 0.000000 3.134272 99.552524 0.000000 9.852357 -0.000777 
38 3.281250 0.000000 6.261172 99.524748 0.000000 10.623498 -0.001803 
39 1.703125 0.000000 -1.556078 98.935837 0.000000 9.197998 0.012710 
40 0.125000 0.000000 -1.556078 98.126087 0.000000 10.093165 0.026940 
41 1.703125 0.000000 -3.119528 99.106251 0.000000 10.225360 0.007339 
42 3.281250 0.000000 -1.556078 99.352640 0.000000 9.334579 0.004192 
43 1.703125 0.000000 0.007372 99.620463 0.000000 6.884112 0.002837 
44 -3.031250 0.000000 3.134272 99.604462 0.000000 10.922138 -0.004034 
45 -6.187500 0.000000 3.134272 99.460104 0.000000 10.927980 -0.001173 
46 -3.031250 0.000000 6.261172 99.512418 0.000000 10.858540 -0.002063 
47 -1.453125 0.000000 -1.556078 98.846587 0.000000 11.083730 0.010650 
48 -3.031250 0.000000 -1.556078 99.244554 0.000000 11.048440 0.002845 
49 -1.453125 0.000000 -3.119528 99.074057 0.000000 10.825324 0.006714 
50 -1.453125 0.000000 0.007372 99.440378 0.000000 11.750126 -0.002645 
51 1.703125 0.000000 1.570822 100.076072 0.000000 9.013157 -0.009646 
52 0.125000 0.000000 1.570822 100.808139 0.000000 10.032534 -0.026293 
53 3.281250 0.000000 1.570822 99.721905 0.000000 8.953094 -0.002462 
54 1.703125 0.000000 3.134272 99.798546 0.000000 10.125904 -0.006228 
55 0.914062 0.000000 -0.774353 98.101642 0.000000 7.879114 0.031399 
56 0.125000 0.000000 -0.774353 96.346907 0.000000 9.623269 0.062467 
57 0.914062 0.000000 -1.556078 98.478716 0.000000 9.392632 0.021372 
58 1.703125 0.000000 -0.774353 99.060641 0.000000 8.132361 0.012085 
59 0.914062 0.000000 0.007372 99.559208 0.000000 5.456820 0.005819 
60 -1.453125 0.000000 1.570822 100.023500 0.000000 11.067193 -0.012718 
61 -3.031250 0.000000 1.570822 99.597516 0.000000 11.042651 -0.004161 
62 -1.453125 0.000000 3.134272 99.777424 0.000000 10.805838 -0.007230 
63 -0.664062 0.000000 -0.774353 97.911299 0.000000 11.639253 0.027791 
64 -1.453125 0.000000 -0.774353 98.910499 0.000000 11.467628 0.008521 
65 -0.664062 0.000000 -1.556078 98.402630 0.000000 10.838666 0.019945 
66 -0.664062 0.000000 0.007372 99.455157 0.000000 13.361668 -0.006986 
67 0.914062 0.000000 0.789097 100.945617 0.000000 7.762297 -0.025027 
68 0.125000 0.000000 0.789097 102.637008 0.000000 9.578684 -0.062611 
69 1.703125 0.000000 0.789097 100.054322 0.000000 7.906859 -0.007339 
70 0.914062 0.000000 1.570822 100.495631 0.000000 9.280326 -0.018550 
71 0.519531 0.000000 -0.383490 96.418057 0.000000 5.918315 0.066853 
72 0.125000 0.000000 -0.383490 98.155144 0.000000 -0.020379 0.036557 
73 0.519531 0.000000 -0.774353 97.102427 0.000000 8.243861 0.050316 
74 0.914062 0.000000 -0.383490 98.370099 0.000000 6.487467 0.028124 
75 0.519531 0.000000 0.007372 96.865971 0.000000 -15.290138 0.038320 
76 -0.664062 0.000000 0.789097 101.002128 0.000000 11.623060 -0.033653 
77 -1.453125 0.000000 0.789097 99.967703 0.000000 11.458133 -0.012483 
78 -0.664062 0.000000 1.570822 100.494464 0.000000 10.807848 -0.021595 
79 -0.269531 0.000000 -0.383490 95.867177 0.000000 13.049062 0.063921 
80 -0.664062 0.000000 -0.383490 98.121513 0.000000 12.630882 0.021263 
81 -0.269531 0.000000 -0.774353 96.907286 0.000000 11.137420 0.048494 
82 -0.269531 0.000000 0.007372 99.846575 0.000000 15.350468 -0.020498 
83 0.519531 0.000000 0.398235 102.619761 0.000000 5.836700 -0.056488 
84 0.125000 0.000000 0.398235 98.200950 0.000000 -0.019890 0.035657 
85 0.914062 0.000000 0.398235 100.719371 0.000000 6.388599 -0.018521 
86 0.519531 0.000000 0.789097 101.912363 0.000000 8.163445 -0.045277 
87 0.322266 0.000000 -0.188059 97.897400 0.000000 -2.476004 0.040997 
88 0.125000 0.000000 -0.188059 98.187844 0.000000 -0.021776 0.035915 
89 0.322266 0.000000 -0.383490 96.117436 0.000000 -18.596936 0.041559 
90 0.519531 0.000000 -0.188059 96.007903 0.000000 -18.906444 0.042503 
91 0.322266 0.000000 0.007372 97.820335 0.000000 -3.321165 0.042015 
92 -0.269531 0.000000 0.398235 103.070682 0.000000 13.059206 -0.079411 
93 -0.664062 0.000000 0.398235 100.791761 0.000000 12.625638 -0.031839 
94 -0.269531 0.000000 0.789097 102.035949 0.000000 11.115291 -0.053488 
95 -0.072266 0.000000 -0.188059 98.380826 0.000000 2.427115 0.031532 
96 -0.269531 0.000000 -0.188059 99.638367 0.000000 18.682951 -0.027686 
97 -0.072266 0.000000 -0.383490 99.684082 0.000000 18.413900 -0.027599 
98 -0.072266 0.000000 0.007372 98.469244 0.000000 3.266323 0.029314 
99 0.322266 0.000000 0.202803 97.943337 0.000000 -2.401115 0.040134 
100 0.125000 0.000000 0.202803 98.234577 0.000000 -0.021259 0.034997 
101 0.519531 0.000000 0.202803 96.045280 0.000000 -18.807310 0.042159 
102 0.322266 0.000000 0.398235 96.705044 0.000000 -16.369261 0.038018 
103 0.223633 0.000000 -0.090344 97.997933 0.000000 -1.953933 0.039259 
104 0.125000 0.000000 -0.090344 98.218460 0.000000 -0.022504 0.035313 
105 0.223633 0.000000 -0.188059 98.024277 0.000000 -1.507993 0.038897 
106 0.322266 0.000000 -0.090344 97.837373 0.000000 -3.072248 0.041841 
107 0.223633 0.000000 0.007372 97.653898 0.000000 -15.897506 0.021099 
108 9.593750 0.000000 -3.119528 99.442277 0.000000 10.329508 0.000453 
109 9.593750 0.000000 -6.246428 99.400693 0.000000 10.671697 0.000562 
110 12.750000 0.000000 -3.119528 99.446775 0.000000 10.401871 0.000214 
111 9.593750 0.000000 0.007372 99.637088 0.000000 8.698345 -0.000321 
112 4.859375 0.000000 -1.556078 99.460935 0.000000 9.492261 0.001742 
113 4.859375 0.000000 -3.119528 99.370213 0.000000 10.185872 0.002181 
114 6.437500 0.000000 -1.556078 99.494046 0.000000 9.622222 0.000835 
115 4.859375 0.000000 0.007372 99.687847 0.000000 7.960119 -0.000103 
116 2.492188 0.000000 -0.774353 99.364461 0.000000 8.416124 0.005587 
117 2.492188 0.000000 -1.556078 99.214932 0.000000 9.247825 0.007088 
118 3.281250 0.000000 -0.774353 99.478709 0.000000 8.615261 0.002976 
119 2.492188 0.000000 0.007372 99.666425 0.000000 7.334694 0.001281 
120 1.308594 0.000000 -0.383490 99.021781 0.000000 7.072657 0.014466 
121 1.308594 0.000000 -0.774353 98.719119 0.000000 7.961536 0.019115 
122 1.703125 0.000000 -0.383490 99.289111 0.000000 7.442553 0.008628 
123 1.308594 0.000000 0.007372 99.595206 0.000000 6.429816 0.003945 
124 0.716797 0.000000 -0.188059 98.308385 0.000000 5.004539 0.031042 
125 0.716797 0.000000 -0.383490 97.667695 0.000000 6.126622 0.042349 
126 0.914062 0.000000 -0.188059 98.857426 0.000000 5.789923 0.019369 
127 0.716797 0.000000 0.007372 99.531722 0.000000 4.438088 0.007374 
128 0.420898 0.000000 -0.090344 97.785039 0.000000 -3.343047 0.042691 
129 0.420898 0.000000 -0.188059 97.524782 0.000000 -11.671274 0.035270 
130 0.519531 0.000000 -0.090344 96.473780 0.000000 -17.076097 0.040122 
131 0.420898 0.000000 0.007372 97.768770 0.000000 -3.537190 0.042876 
132 -0.072266 0.000000 0.202803 98.411233 0.000000 2.354167 0.030969 
133 -0.269531 0.000000 0.202803 99.654790 0.000000 18.601016 -0.027708 
134 -0.072266 0.000000 0.398235 99.859004 0.000000 16.408176 -0.024105 
135 0.223633 0.000000 0.105088 98.032698 0.000000 -1.908288 0.038595 
136 0.125000 0.000000 0.105088 98.250082 0.000000 -0.022144 0.034692 
137 0.322266 0.000000 0.105088 97.868509 0.000000 -3.012634 0.041268 
138 0.223633 0.000000 0.202803 98.074324 0.000000 -1.454817 0.037931 
139 0.272949 0.000000 -0.041486 97.891038 0.000000 -2.823060 0.040937 
140 0.223633 0.000000 -0.041486 97.993119 0.000000 -2.104827 0.039292 
141 0.272949 0.000000 -0.090344 97.903910 0.000000 -2.636675 0.040787 
142 0.322266 0.000000 -0.041486 97.820611 0.000000 -3.263625 0.042048 
143 0.272949 0.000000 0.007372 97.892723 0.000000 -2.879738 0.040872 
144 0.026367 0.000000 -0.090344 98.378059 0.000000 1.905260 0.031813 
145 -0.072266 0.000000 -0.090344 98.437755 0.000000 3.018943 0.030089 
146 0.026367 0.000000 -0.188059 98.317038 0.000000 1.462320 0.033162 
147 0.026367 0.000000 0.007372 100.741459 0.000000 15.228736 -0.038076 
148 0.174316 0.000000 -0.041486 98.114345 0.000000 -1.137248 0.037228 
149 0.125000 0.000000 -0.041486 98.234183 0.000000 -0.022693 0.035004 
150 0.174316 0.000000 -0.090344 98.108573 0.000000 -1.052358 0.037360 
151 0.174316 0.000000 0.007372 99.507422 0.000000 -5.472796 0.006832 
152 9.593750 0.000000 3.134272 99.545473 0.000000 9.705057 -0.000349 
153 12.750000 0.000000 3.134272 99.560440 0.000000 9.509130 -0.000270 
154 9.593750 0.000000 6.261172 99.463563 0.000000 10.532538 -0.000393 
155 4.859375 0.000000 1.570822 99.658723 0.000000 8.868704 -0.001051 
156 6.437500 0.000000 1.570822 99.653730 0.000000 8.734335 -0.000715 
157 4.859375 0.000000 3.134272 99.581905 0.000000 9.912584 -0.001482 
158 2.492188 0.000000 0.789097 99.807716 0.000000 8.041798 -0.002625 
159 3.281250 0.000000 0.789097 99.739637 0.000000 8.062249 -0.001300 
160 2.492188 0.000000 1.570822 99.830059 0.000000 8.972074 -0.004654 
161 1.308594 0.000000 0.398235 100.121865 0.000000 6.916798 -0.007223 
162 1.703125 0.000000 0.398235 99.896953 0.000000 7.218845 -0.003151 
163 1.308594 0.000000 0.789097 100.363385 0.000000 7.796319 -0.013359 
164 0.716797 0.000000 0.202803 100.755647 0.000000 4.948668 -0.017619 
165 0.914062 0.000000 0.202803 100.251665 0.000000 5.724123 -0.008316 
166 0.716797 0.000000 0.398235 101.391951 0.000000 6.043346 -0.031685 
167 0.420898 0.000000 0.105088 97.866403 0.000000 -4.780340 0.039932 
168 0.519531 0.000000 0.105088 96.496897 0.000000 -17.011055 0.039897 
169 0.420898 0.000000 0.202803 97.573292 0.000000 -11.518898 0.034677 
170 0.272949 0.000000 0.056230 97.909741 0.000000 -2.789756 0.040590 
171 0.223633 0.000000 0.056230 98.012380 0.000000 -2.077955 0.038926 
172 0.322266 0.000000 0.056230 97.837709 0.000000 -3.229394 0.041735 
173 0.272949 0.000000 0.105088 97.937724 0.000000 -2.579542 0.040155 
174 0.248291 0.000000 -0.017057 97.938509 0.000000 -2.542122 0.040159 
175 0.223633 0.000000 -0.017057 97.994273 0.000000 -2.142863 0.039253 
176 0.248291 0.000000 -0.041486 97.938628 0.000000 -2.498719 0.040178 
177 0.272949 0.000000 -0.017057 97.889882 0.000000 -2.869701 0.040934 
178 0.248291 0.000000 0.007372 97.941783 0.000000 -2.551496 0.040090 
179 0.026367 0.000000 0.105088 98.403336 0.000000 1.860809 0.031332 
180 -0.072266 0.000000 0.105088 98.456535 0.000000 2.960981 0.029754 
181 0.026367 0.000000 0.202803 98.356052 0.000000 1.410591 0.032410 
182 0.174316 0.000000 0.056230 98.133053 0.000000 -1.122143 0.036864 
183 0.125000 0.000000 0.056230 98.251530 0.000000 -0.022493 0.034664 
184 0.174316 0.000000 0.105088 98.142460 0.000000 -1.026813 0.036700 
185 0.198975 0.000000 0.031801 98.064933 0.000000 -1.666724 0.038049 
186 0.174316 0.000000 0.031801 99.139054 0.000000 -3.014988 0.016236 
187 0.198975 0.000000 0.007372 98.863520 0.000000 -9.162622 0.014205 
188 0.223633 0.000000 0.031801 98.004171 0.000000 -2.128834 0.039065 
189 0.198975 0.000000 0.056230 98.071646 0.000000 -1.625803 0.037931 
190 0.075684 0.000000 0.056230 98.349168 0.000000 1.075997 0.032628 
191 0.026367 0.000000 0.056230 98.416363 0.000000 2.029030 0.031010 
192 0.075684 0.000000 0.007372 100.485367 0.000000 5.659130 -0.012933 
193 0.075684 0.000000 0.105088 98.339873 0.000000 0.981596 0.032831 
194 0.149658 0.000000 0.031801 99.685742 0.000000 -2.147827 0.005814 
195 0.125000 0.000000 0.031801 99.916772 0.000000 0.417784 0.001646 
196 0.149658 0.000000 0.007372 99.898242 0.000000 -2.373319 0.001471 
197 0.149658 0.000000 0.056230 98.193882 0.000000 -0.581788 0.035762 
198 0.198975 0.000000 -0.017057 98.055116 0.000000 -1.677986 0.038238 
199 0.174316 0.000000 -0.017057 98.118394 0.000000 -1.158726 0.037144 
200 0.198975 0.000000 -0.041486 98.052535 0.000000 -1.647360 0.038299 
201 0.186646 0.000000 0.019586 99.399633 0.000000 -6.621523 0.007587 
202 0.174316 0.000000 0.019586 99.522538 0.000000 -5.390095 0.006621 
203 0.186646 0.000000 0.007372 99.452159 0.000000 -7.183797 0.005766 
204 0.198975 0.000000 0.019586 98.861833 0.000000 -8.513591 0.015386 
205 0.186646 0.000000 0.031801 98.806539 0.000000 -5.005493 0.021221 
206 0.075684 0.000000 -0.041486 98.333595 0.000000 1.090611 0.032931 
207 0.026367 0.000000 -0.041486 98.402691 0.000000 2.055199 0.031269 
208 0.075684 0.000000 -0.090344 98.311281 0.000000 1.006280 0.033388 
209 0.100342 0.000000 0.031801 99.603315 0.000000 1.587729 0.007666 
210 0.075684 0.000000 0.031801 99.648054 0.000000 3.420119 0.005857 
211 0.100342 0.000000 0.007372 100.315535 0.000000 3.037099 -0.007243 
212 0.100342 0.000000 0.056230 98.303813 0.000000 0.536500 0.033607 
213 -9.343750 0.000000 3.134272 99.426087 0.000000 10.911393 -0.000461 
214 -12.500000 0.000000 3.134272 99.415333 0.000000 10.902197 -0.000227 
215 -9.343750 0.000000 0.007372 99.408453 0.000000 10.918474 -0.000125 
216 -9.343750 0.000000 6.261172 99.432139 0.000000 10.899006 -0.000554 
217 -4.609375 0.000000 1.570822 99.483729 0.000000 10.988570 -0.001776 
218 -6.187500 0.000000 1.570822 99.442403 0.000000 10.947686 -0.000864 
219 -4.609375 0.000000 0.007372 99.414912 0.000000 11.015031 -0.000466 
220 -4.609375 0.000000 3.134272 99.505676 0.000000 10.935473 -0.002096 
221 -2.242188 0.000000 0.789097 99.649027 0.000000 11.236595 -0.005619 
222 -3.031250 0.000000 0.789097 99.531218 0.000000 11.111902 -0.002994 
223 -2.242188 0.000000 0.007372 99.429148 0.000000 11.320326 -0.001431 
224 -2.242188 0.000000 1.570822 99.739824 0.000000 11.077071 -0.007073 
225 -1.058594 0.000000 0.398235 100.052990 0.000000 12.029532 -0.015531 
226 -1.453125 0.000000 0.398235 99.762526 0.000000 11.663828 -0.008861 
227 -1.058594 0.000000 0.007372 99.447836 0.000000 12.251956 -0.003998 
228 -1.058594 0.000000 0.789097 100.329265 0.000000 11.588252 -0.020025 
229 -0.466797 0.000000 0.202803 100.931225 0.000000 14.035240 -0.038410 
230 -0.664062 0.000000 0.202803 100.264730 0.000000 13.139399 -0.022566 
231 -0.466797 0.000000 0.007372 99.456813 0.000000 14.583995 -0.010435 
232 -0.466797 0.000000 0.398235 101.611944 0.000000 12.975898 -0.049336 
233 -0.170898 0.000000 0.105088 98.895349 0.000000 5.055547 0.019415 
234 -0.269531 0.000000 0.105088 99.857401 0.000000 15.266781 -0.020458 
235 -0.170898 0.000000 0.007372 98.460608 0.000000 3.482687 0.029338 
236 -0.170898 0.000000 0.202803 99.743112 0.000000 9.968925 -0.004807 
237 -0.022949 0.000000 0.056230 98.453782 0.000000 2.737922 0.029936 
238 -0.072266 0.000000 0.056230 98.468419 0.000000 3.175688 0.029389 
239 -0.022949 0.000000 0.007372 98.454599 0.000000 2.826845 0.029870 
240 -0.022949 0.000000 0.105088 98.440406 0.000000 2.529604 0.030309 
241 0.051025 0.000000 0.031801 99.632075 0.000000 4.939459 0.004905 
242 0.026367 0.000000 0.031801 98.418196 0.000000 2.079400 0.030953 
243 0.051025 0.000000 0.007372 100.605936 0.000000 8.820489 -0.019936 
244 0.051025 0.000000 0.056230 98.386741 0.000000 1.578382 0.031756 
245 -9.343750 0.000000 -3.119528 99.390459 0.000000 10.912176 0.000246 
246 -12.500000 0.000000 -3.119528 99.399139 0.000000 10.902562 0.000095 
247 -9.343750 0.000000 -6.246428 99.383583 0.000000 10.900246 0.000409 
248 -4.609375 0.000000 -1.556078 99.345070 0.000000 10.990972 0.000976 
249 -6.187500 0.000000 -1.556078 99.379968 0.000000 10.948895 0.000374 
250 -4.609375 0.000000 -3.119528 99.320751 0.000000 10.939451 0.001572 
251 -2.242188 0.000000 -0.774353 99.207765 0.000000 11.241941 0.003144 
252 -3.031250 0.000000 -0.774353 99.312703 0.000000 11.115075 0.001344 
253 -2.242188 0.000000 -1.556078 99.113475 0.000000 11.086674 0.005360 
254 -1.058594 0.000000 -0.383490 98.842407 0.000000 12.035521 0.008532 
255 -1.453125 0.000000 -0.383490 99.118657 0.000000 11.664816 0.003942 
256 -1.058594 0.000000 -0.774353 98.564076 0.000000 11.600807 0.015054 
257 -0.466797 0.000000 -0.188059 97.985257 0.000000 14.033619 0.020195 
258 -0.664062 0.000000 -0.188059 98.646536 0.000000 13.141238 0.009617 
259 -0.466797 0.000000 -0.383490 97.311458 0.000000 12.977341 0.036207 
260 -0.170898 0.000000 -0.090344 98.438980 0.000000 3.289676 0.029895 
261 -0.269531 0.000000 -0.090344 99.769080 0.000000 17.027538 -0.024381 
262 -0.170898 0.000000 -0.188059 99.831643 0.000000 11.784416 -0.010523 
263 -0.022949 0.000000 -0.041486 98.441993 0.000000 2.770326 0.030150 
264 -0.072266 0.000000 -0.041486 98.458415 0.000000 3.208945 0.029564 
265 -0.022949 0.000000 -0.090344 98.418454 0.000000 2.585223 0.030712 
266 0.001709 0.000000 0.031801 98.440506 0.000000 2.474998 0.030334 
267 -0.022949 0.000000 0.031801 98.455896 0.000000 2.799860 0.029860 
268 0.001709 0.000000 0.007372 98.439032 0.000000 2.500091 0.030351 
269 0.001709 0.000000 0.056230 98.438440 0.000000 2.417445 0.030403 
270 0.051025 0.000000 -0.017057 98.380625 0.000000 1.629845 0.031860 
271 0.026367 0.000000 -0.017057 98.411216 0.000000 2.093061 0.031085 
272 0.051025 0.000000 -0.041486 98.372114 0.000000 1.599349 0.032037 
273 0.075684 0.000000 -0.017057 98.341800 0.000000 1.112001 0.032765 
274 0.038696 0.000000 0.019586 100.407783 0.000000 9.002271 -0.016276 
275 0.026367 0.000000 0.019586 99.846380 0.000000 7.784644 -0.002990 
276 0.038696 0.000000 0.007372 101.027605 0.000000 12.189565 -0.035516 
277 0.051025 0.000000 0.019586 100.449116 0.000000 8.320921 -0.015926 
278 0.038696 0.000000 0.031801 98.404162 0.000000 1.856692 0.031317 
279 0.001709 0.000000 -0.017057 98.434017 0.000000 2.490644 0.030454 
280 -0.022949 0.000000 -0.017057 98.449889 0.000000 2.816729 0.029969 
281 0.001709 0.000000 -0.041486 98.425717 0.000000 2.447452 0.030639 
282 0.014038 0.000000 -0.004842 99.647132 0.000000 16.133302 -0.018983 
283 0.001709 0.000000 -0.004842 98.436956 0.000000 2.499703 0.030392 
284 0.014038 0.000000 -0.017057 98.423544 0.000000 2.300548 0.030751 
285 0.026367 0.000000 -0.004842 99.937791 0.000000 11.345754 -0.011629 
286 0.014038 0.000000 0.007372 100.241672 0.000000 19.683026 -0.043581 
287 2.097656 0.000000 0.398235 99.803162 0.000000 7.384195 -0.001520 
288 2.097656 0.000000 0.007372 99.643354 0.000000 7.154861 0.002001 
289 2.492188 0.000000 0.398235 99.764835 0.000000 7.471568 -0.000885 
290 2.097656 0.000000 0.789097 99.898745 0.000000 7.978280 -0.004341 
291 2.097656 0.000000 -0.383490 99.424796 0.000000 7.698171 0.005545 
292 2.097656 0.000000 -0.774353 99.246019 0.000000 8.273637 0.008177 
293 2.492188 0.000000 -0.383490 99.502001 0.000000 7.882506 0.003722 
294 0.149658 0.000000 -0.017057 98.181219 0.000000 -0.600717 0.036009 
295 0.125000 0.000000 -0.017057 98.240827 0.000000 -0.022717 0.034874 
296 0.149658 0.000000 -0.041486 98.175779 0.000000 -0.589641 0.036117 
297 0.248291 0.000000 0.031801 97.948339 0.000000 -2.526051 0.039974 
298 0.272949 0.000000 0.031801 97.899489 0.000000 -2.852360 0.040755 
299 0.248291 0.000000 0.056230 97.957756 0.000000 -2.467900 0.039819 
300 0.100342 0.000000 -0.017057 98.294904 0.000000 0.554947 0.033780 
301 0.100342 0.000000 -0.041486 98.287323 0.000000 0.543929 0.033931 
302 0.014038 0.000000 0.019586 98.429936 0.000000 2.301657 0.030625 
303 0.001709 0.000000 0.019586 98.440217 0.000000 2.491797 0.030331 
304 0.014038 0.000000 0.031801 98.430278 0.000000 2.285800 0.030626 
305 0.038696 0.000000 -0.004842 99.947057 0.000000 8.117949 -0.005532 
306 0.038696 0.000000 -0.017057 98.396934 0.000000 1.869085 0.031455 
307 0.051025 0.000000 -0.004842 99.778761 0.000000 5.346220 0.001562 
1 7 12 10 11 
2 12 2 13 10 
3 1 17 15 16 
4 17 7 11 15 
5 19 21 3 22 
6 20 19 22 9 
7 11 25 23 24 
8 25 10 26 23 
9 28 20 9 30 
10 29 28 30 4 
11 15 33 31 32 
12 33 11 24 31 
13 35 37 19 38 
14 36 35 38 20 
15 24 41 39 40 
16 41 23 42 39 
17 44 36 20 46 
18 45 44 46 28 
19 31 49 47 48 
20 49 24 40 47 
21 51 53 35 54 
22 52 51 54 36 
23 40 57 55 56 
24 57 39 58 55 
25 60 52 36 62 
26 61 60 62 44 
27 47 65 63 64 
28 65 40 56 63 
29 67 69 51 70 
30 68 67 70 52 
31 56 73 71 72 
32 73 55 74 71 
33 76 68 52 78 
34 77 76 78 60 
35 63 81 79 80 
36 81 56 72 79 
37 83 85 67 86 
38 84 83 86 68 
39 72 89 87 88 
40 89 71 90 87 
41 92 84 68 94 
42 93 92 94 76 
43 79 97 95 96 
44 97 72 88 95 
45 99 101 83 102 
46 100 99 102 84 
47 88 105 103 104 
48 105 87 106 103 
49 10 109 108 26 
50 109 13 110 108 
51 108 110 8 111 
52 26 108 111 14 
53 23 113 112 42 
54 113 26 114 112 
55 112 114 14 115 
56 42 112 115 27 
57 39 117 116 58 
58 117 42 118 116 
59 116 118 27 119 
60 55 121 120 74 
61 121 58 122 120 
62 120 122 43 123 
63 74 120 123 59 
64 71 125 124 90 
65 125 74 126 124 
66 124 126 59 127 
67 90 124 127 75 
68 87 129 128 106 
69 129 90 130 128 
70 128 130 75 131 
71 106 128 131 91 
72 132 100 84 134 
73 133 132 134 92 
74 135 137 99 138 
75 136 135 138 100 
76 103 141 139 140 
77 141 106 142 139 
78 139 142 91 143 
79 95 146 144 145 
80 146 88 104 144 
81 104 150 148 149 
82 150 103 140 148 
83 14 111 152 37 
84 111 8 153 152 
85 152 153 21 154 
86 37 152 154 19 
87 27 115 155 53 
88 115 14 156 155 
89 155 156 37 157 
90 53 155 157 35 
91 119 27 159 158 
92 158 159 53 160 
93 69 158 160 51 
94 59 123 161 85 
95 123 43 162 161 
96 161 162 69 163 
97 85 161 163 67 
98 75 127 164 101 
99 127 59 165 164 
100 164 165 85 166 
101 101 164 166 83 
102 91 131 167 137 
103 131 75 168 167 
104 167 168 101 169 
105 137 167 169 99 
106 143 91 172 170 
107 170 172 137 173 
108 171 170 173 135 
109 140 176 174 175 
110 176 139 177 174 
111 174 177 143 178 
112 175 174 178 107 
113 179 136 100 181 
114 180 179 181 132 
115 182 171 135 184 
116 183 182 184 136 
117 187 107 188 185 
118 185 188 171 189 
119 186 185 189 182 
120 190 183 136 193 
121 191 190 193 179 
122 5 196 194 195 
123 196 151 186 194 
124 194 186 182 197 
125 195 194 197 183 
126 148 200 198 199 
127 200 140 175 198 
128 198 175 107 187 
129 199 198 187 151 
130 151 203 201 202 
131 203 187 204 201 
132 201 204 185 205 
133 202 201 205 186 
134 144 208 206 207 
135 208 104 149 206 
136 192 211 209 210 
137 211 5 195 209 
138 209 195 183 212 
139 210 209 212 190 
140 6 215 213 214 
141 215 18 45 213 
142 213 45 28 216 
143 214 213 216 29 
144 18 219 217 218 
145 219 34 61 217 
146 217 61 44 220 
147 218 217 220 45 
148 34 223 221 222 
149 223 50 77 221 
150 221 77 60 224 
151 222 221 224 61 
152 50 227 225 226 
153 227 66 93 225 
154 225 93 76 228 
155 226 225 228 77 
156 66 231 229 230 
157 231 82 133 229 
158 229 133 92 232 
159 230 229 232 93 
160 82 235 233 234 
161 235 98 180 233 
162 233 180 132 236 
163 234 233 236 133 
164 98 239 237 238 
165 237 191 179 240 
166 238 237 240 180 
167 243 192 210 241 
168 241 210 190 244 
169 242 241 244 191 
170 16 247 245 246 
171 247 15 32 245 
172 245 32 18 215 
173 246 245 215 6 
174 32 250 248 249 
175 250 31 48 248 
176 248 48 34 219 
177 249 248 219 18 
178 48 253 251 252 
179 253 47 64 251 
180 251 64 50 223 
181 252 251 223 34 
182 64 256 254 255 
183 256 63 80 254 
184 254 80 66 227 
185 255 254 227 50 
186 80 259 257 258 
187 259 79 96 257 
188 257 96 82 231 
189 258 257 231 66 
190 96 262 260 261 
191 262 95 145 260 
192 260 145 98 235 
193 261 260 235 82 
194 145 265 263 264 
195 265 144 207 263 
196 264 263 239 98 
197 239 268 266 267 
198 266 242 191 269 
199 267 266 269 237 
200 207 272 270 271 
201 272 206 273 270 
202 270 273 192 243 
203 147 276 274 275 
204 276 243 277 274 
205 274 277 241 278 
206 275 274 278 242 
207 263 281 279 280 
208 281 207 271 279 
209 280 279 268 239 
210 279 284 282 283 
211 284 271 285 282 
212 282 285 147 286 
213 283 282 286 268 
214 43 288 287 162 
215 288 119 289 287 
216 287 289 158 290 
217 162 287 290 69 
218 58 292 291 122 
219 292 116 293 291 
220 291 293 119 288 
221 122 291 288 43 
222 149 296 294 295 
223 296 148 199 294 
224 294 199 151 196 
225 295 294 196 5 
226 107 178 297 188 
227 178 143 298 297 
228 297 298 170 299 
229 188 297 299 171 
230 206 301 300 273 
231 301 149 295 300 
232 300 295 5 211 
233 273 300 211 192 
234 268 286 302 303 
235 286 147 275 302 
236 302 275 242 304 
237 303 302 304 266 
238 271 306 305 285 
239 306 270 307 305 
240 305 307 243 276 
241 285 305 276 147 
