2 0.000000 100.000000 1057.418842
307 241 
1 -12.500000 0.000000 -12.500228 99.681503 0.000000 7.848123 0.000200 
2 12.750000 0.000000 -12.500228 99.684308 0.000000 7.791214 0.000234 
3 12.750000 0.000000 12.514972 99.707218 0.000000 7.773629 -0.000196 
4 -12.500000 0.000000 12.514972 99.703222 0.000000 7.847638 -0.000232 
5 0.125000 0.000000 0.007372 100.097676 0.000000 0.388382 -0.001970 
6 -12.500000 0.000000 0.007372 99.692734 0.000000 7.861199 -0.000044 
7 0.125000 0.000000 -12.500228 99.662984 0.000000 7.817431 0.000618 
8 12.750000 0.000000 0.007372 99.841467 0.000000 5.908625 -0.000323 
9 0.125000 0.000000 12.514972 99.724778 0.000000 7.813537 -0.000608 
10 6.437500 0.000000 -6.246428 99.661628 0.000000 7.641251 0.000917 
11 0.125000 0.000000 -6.246428 99.577836 0.000000 7.739114 0.002436 
12 6.437500 0.000000 -12.500228 99.672740 0.000000 7.795507 0.000458 
13 12.750000 0.000000 -6.246428 99.693441 0.000000 7.663078 0.000250 
14 6.437500 0.000000 0.007372 99.882121 0.000000 5.257733 -0.000408 
15 -6.187500 0.000000 -6.246428 99.651440 0.000000 7.854879 0.000789 
16 -12.500000 0.000000 -6.246428 99.681742 0.000000 7.855181 0.000185 
17 -6.187500 0.000000 -12.500228 99.670847 0.000000 7.840797 0.000424 
18 -6.187500 0.000000 0.007372 99.695129 0.000000 7.905706 -0.000162 
19 6.437500 0.000000 6.261172 99.749619 0.000000 7.588027 -0.000756 
20 0.125000 0.000000 6.261172 99.820116 0.000000 7.726321 -0.002375 
21 12.750000 0.000000 6.261172 99.723937 0.000000 7.548104 -0.000184 
22 6.437500 0.000000 12.514972 99.717249 0.000000 7.786010 -0.000415 
23 3.281250 0.000000 -3.119528 99.573031 0.000000 7.201595 0.003335 
24 0.125000 0.000000 -3.119528 99.309549 0.000000 7.522437 0.008103 
25 3.281250 0.000000 -6.246428 99.617830 0.000000 7.656565 0.001767 
26 6.437500 0.000000 -3.119528 99.688750 0.000000 7.250258 0.000959 
27 3.281250 0.000000 0.007372 99.878635 0.000000 4.797788 0.000124 
28 -6.187500 0.000000 6.261172 99.736501 0.000000 7.853227 -0.000904 
29 -12.500000 0.000000 6.261172 99.703459 0.000000 7.854804 -0.000248 
30 -6.187500 0.000000 12.514972 99.714963 0.000000 7.839466 -0.000453 
31 -3.031250 0.000000 -3.119528 99.540547 0.000000 7.881452 0.002956 
32 -6.187500 0.000000 -3.119528 99.652676 0.000000 7.882574 0.000721 
33 -3.031250 0.000000 -6.246428 99.610646 0.000000 7.827269 0.001645 
34 -3.031250 0.000000 0.007372 99.701369 0.000000 8.063153 -0.000538 
35 3.281250 0.000000 3.134272 99.882260 0.000000 7.097208 -0.002684 
36 0.125000 0.000000 3.134272 100.112202 0.000000 7.495704 -0.007864 
37 6.437500 0.000000 3.134272 99.788675 0.000000 7.020566 -0.000707 
38 3.281250 0.000000 6.261172 99.787824 0.000000 7.628044 -0.001580 
39 1.703125 0.000000 -1.556078 99.264782 0.000000 6.357141 0.010609 
40 0.125000 0.000000 -1.556078 98.576614 0.000000 7.152849 0.023149 
41 1.703125 0.000000 -3.119528 99.425838 0.000000 7.266527 0.006170 
42 3.281250 0.000000 -1.556078 99.622188 0.000000 6.454326 0.003376 
43 1.703125 0.000000 0.007372 99.823484 0.000000 4.248097 0.001723 
44 -3.031250 0.000000 3.134272 99.857481 0.000000 7.876718 -0.003356 
45 -6.187500 0.000000 3.134272 99.736773 0.000000 7.881340 -0.000954 
46 -3.031250 0.000000 6.261172 99.780892 0.000000 7.822939 -0.001742 
47 -1.453125 0.000000 -1.556078 99.207741 0.000000 8.010076 0.009366 
48 -3.031250 0.000000 -1.556078 99.550860 0.000000 7.981787 0.002592 
49 -1.453125 0.000000 -3.119528 99.404738 0.000000 7.790211 0.005801 
50 -1.453125 0.000000 0.007372 99.710894 0.000000 8.580378 -0.001589 
51 1.703125 0.000000 1.570822 100.238690 0.000000 6.250441 -0.008686 
52 0.125000 0.000000 1.570822 100.879079 0.000000 7.119410 -0.022727 
53 3.281250 0.000000 1.570822 99.922056 0.000000 6.224812 -0.002317 
54 1.703125 0.000000 3.134272 100.013380 0.000000 7.208556 -0.005464 
55 0.914062 0.000000 -0.774353 98.526396 0.000000 5.192614 0.026559 
56 0.125000 0.000000 -0.774353 97.024122 0.000000 6.746980 0.054080 
57 0.914062 0.000000 -1.556078 98.873178 0.000000 6.537057 0.018136 
58 1.703125 0.000000 -0.774353 99.358356 0.000000 5.391267 0.009885 
59 0.914062 0.000000 0.007372 99.776471 0.000000 3.012964 0.003558 
60 -1.453125 0.000000 1.570822 100.209550 0.000000 8.001281 -0.010597 
61 -3.031250 0.000000 1.570822 99.850529 0.000000 7.978574 -0.003379 
62 -1.453125 0.000000 3.134272 100.002415 0.000000 7.779126 -0.006100 
63 -0.664062 0.000000 -0.774353 98.399760 0.000000 8.484689 0.024550 
64 -1.453125 0.000000 -0.774353 99.260333 0.000000 8.338351 0.007786 
65 -0.664062 0.000000 -1.556078 98.822666 0.000000 7.798987 0.017326 
66 -0.664062 0.000000 0.007372 99.715971 0.000000 9.952192 -0.004232 
67 0.914062 0.000000 0.789097 100.994480 0.000000 5.130201 -0.022620 
68 0.125000 0.000000 0.789097 102.462325 0.000000 6.725314 -0.054376 
69 1.703125 0.000000 0.789097 100.208278 0.000000 5.265356 -0.006942 
70 0.914062 0.000000 1.570822 100.606609 0.000000 6.473461 -0.016360 
71 0.519531 0.000000 -0.383490 97.025241 0.000000 3.468387 0.057407 
72 0.125000 0.000000 -0.383490 98.039198 0.000000 -0.131009 0.038830 
73 0.519531 0.000000 -0.774353 97.661122 0.000000 5.528891 0.043174 
74 0.914062 0.000000 -0.383490 98.744557 0.000000 3.936763 0.023401 
75 0.519531 0.000000 0.007372 97.172910 0.000000 -15.370854 0.032116 
76 -0.664062 0.000000 0.789097 101.041038 0.000000 8.478920 -0.028118 
77 -1.453125 0.000000 0.789097 100.160813 0.000000 8.333782 -0.010164 
78 -0.664062 0.000000 1.570822 100.610632 0.000000 7.782625 -0.018307 
79 -0.269531 0.000000 -0.383490 96.653663 0.000000 9.700395 0.056397 
80 -0.664062 0.000000 -0.383490 98.580924 0.000000 9.330567 0.019474 
81 -0.269531 0.000000 -0.774353 97.529663 0.000000 8.056372 0.042306 
82 -0.269531 0.000000 0.007372 99.326065 0.000000 15.226082 -0.009750 
83 0.519531 0.000000 0.398235 102.482446 0.000000 3.418565 -0.051434 
84 0.125000 0.000000 0.398235 98.086377 0.000000 -0.129002 0.037905 
85 0.914062 0.000000 0.398235 100.796388 0.000000 3.891048 -0.017505 
86 0.519531 0.000000 0.789097 101.841061 0.000000 5.484920 -0.040169 
87 0.322266 0.000000 -0.188059 97.846279 0.000000 -2.583729 0.041943 
88 0.125000 0.000000 -0.188059 98.072998 0.000000 -0.131281 0.038167 
89 0.322266 0.000000 -0.383490 96.493796 0.000000 -18.690872 0.033960 
90 0.519531 0.000000 -0.188059 96.389195 0.000000 -19.002516 0.034803 
91 0.322266 0.000000 0.007372 97.791991 0.000000 -3.427522 0.042498 
92 -0.269531 0.000000 0.398235 102.796836 0.000000 9.720882 -0.066168 
93 -0.664062 0.000000 0.398235 100.856112 0.000000 9.331707 -0.025904 
94 -0.269531 0.000000 0.789097 101.930181 0.000000 8.049424 -0.045455 
95 -0.072266 0.000000 -0.188059 98.199227 0.000000 2.312511 0.035156 
96 -0.269531 0.000000 -0.188059 99.004286 0.000000 18.534261 -0.014537 
97 -0.072266 0.000000 -0.383490 99.058700 0.000000 18.268185 -0.014635 
98 -0.072266 0.000000 0.007372 98.265249 0.000000 3.150698 0.033401 
99 0.322266 0.000000 0.202803 97.891584 0.000000 -2.507675 0.041095 
100 0.125000 0.000000 0.202803 98.121160 0.000000 -0.129206 0.037222 
101 0.519531 0.000000 0.202803 96.425091 0.000000 -18.902659 0.034489 
102 0.322266 0.000000 0.398235 97.038065 0.000000 -16.452197 0.031294 
103 0.223633 0.000000 -0.090344 97.934659 0.000000 -2.060728 0.040456 
104 0.125000 0.000000 -0.090344 98.104628 0.000000 -0.130962 0.037546 
105 0.223633 0.000000 -0.188059 97.948480 0.000000 -1.616002 0.040348 
106 0.322266 0.000000 -0.090344 97.802108 0.000000 -3.179191 0.042464 
107 0.223633 0.000000 0.007372 98.018363 0.000000 -15.966819 0.013746 
108 9.593750 0.000000 -3.119528 99.713897 0.000000 7.319323 0.000357 
109 9.593750 0.000000 -6.246428 99.683856 0.000000 7.650025 0.000461 
110 12.750000 0.000000 -3.119528 99.719643 0.000000 7.373172 0.000163 
111 9.593750 0.000000 0.007372 99.861538 0.000000 5.622779 -0.000394 
112 4.859375 0.000000 -1.556078 99.715417 0.000000 6.570173 0.001367 
113 4.859375 0.000000 -3.119528 99.649673 0.000000 7.215386 0.001788 
114 6.437500 0.000000 -1.556078 99.745799 0.000000 6.664576 0.000636 
115 4.859375 0.000000 0.007372 99.886859 0.000000 5.053549 -0.000292 
116 2.492188 0.000000 -0.774353 99.621129 0.000000 5.622161 0.004402 
117 2.492188 0.000000 -1.556078 99.504433 0.000000 6.389851 0.005804 
118 3.281250 0.000000 -0.774353 99.719142 0.000000 5.780162 0.002268 
119 2.492188 0.000000 0.007372 99.862070 0.000000 4.614509 0.000627 
120 1.308594 0.000000 -0.383490 99.314674 0.000000 4.434082 0.011693 
121 1.308594 0.000000 -0.774353 99.062558 0.000000 5.252328 0.015902 
122 1.703125 0.000000 -0.383490 99.546893 0.000000 4.744806 0.006790 
123 1.308594 0.000000 0.007372 99.804081 0.000000 3.859993 0.002425 
124 0.716797 0.000000 -0.188059 98.678558 0.000000 2.619800 0.025568 
125 0.716797 0.000000 -0.383490 98.126563 0.000000 3.631143 0.035799 
126 0.914062 0.000000 -0.188059 99.164207 0.000000 3.303499 0.015555 
127 0.716797 0.000000 0.007372 99.754703 0.000000 2.116294 0.004452 
128 0.420898 0.000000 -0.090344 97.756037 0.000000 -3.450476 0.043185 
129 0.420898 0.000000 -0.188059 97.741008 0.000000 -11.744662 0.030876 
130 0.519531 0.000000 -0.090344 96.818791 0.000000 -17.163488 0.033154 
131 0.420898 0.000000 0.007372 97.745050 0.000000 -3.644261 0.043262 
132 -0.072266 0.000000 0.202803 98.232463 0.000000 2.240899 0.034536 
133 -0.269531 0.000000 0.202803 99.023062 0.000000 18.453221 -0.014609 
134 -0.072266 0.000000 0.398235 99.303419 0.000000 16.279306 -0.012618 
135 0.223633 0.000000 0.105088 97.969265 0.000000 -2.014140 0.039797 
136 0.125000 0.000000 0.105088 98.137229 0.000000 -0.129542 0.036907 
137 0.322266 0.000000 0.105088 97.832574 0.000000 -3.118831 0.041906 
138 0.223633 0.000000 0.202803 97.998629 0.000000 -1.561412 0.039383 
139 0.272949 0.000000 -0.041486 97.850201 0.000000 -2.929374 0.041676 
140 0.223633 0.000000 -0.041486 97.934237 0.000000 -2.211076 0.040400 
141 0.272949 0.000000 -0.090344 97.857894 0.000000 -2.743427 0.041631 
142 0.322266 0.000000 -0.041486 97.790532 0.000000 -3.370237 0.042565 
143 0.272949 0.000000 0.007372 97.853666 0.000000 -2.985733 0.041575 
144 0.026367 0.000000 -0.090344 98.211729 0.000000 1.793047 0.035124 
145 -0.072266 0.000000 -0.090344 98.240268 0.000000 2.903446 0.034042 
146 0.026367 0.000000 -0.188059 98.162072 0.000000 1.350145 0.036238 
147 0.026367 0.000000 0.007372 100.104997 0.000000 15.108799 -0.024929 
148 0.174316 0.000000 -0.041486 98.030512 0.000000 -1.243957 0.038847 
149 0.125000 0.000000 -0.041486 98.120865 0.000000 -0.130614 0.037228 
150 0.174316 0.000000 -0.090344 98.021985 0.000000 -1.159665 0.039035 
151 0.174316 0.000000 0.007372 99.618223 0.000000 -5.514597 0.004580 
152 9.593750 0.000000 3.134272 99.773104 0.000000 6.945671 -0.000291 
153 12.750000 0.000000 3.134272 99.774774 0.000000 6.845344 -0.000186 
154 9.593750 0.000000 6.261172 99.731113 0.000000 7.567212 -0.000356 
155 4.859375 0.000000 1.570822 99.857128 0.000000 6.186797 -0.000972 
156 6.437500 0.000000 1.570822 99.842961 0.000000 6.113602 -0.000599 
157 4.859375 0.000000 3.134272 99.818745 0.000000 7.052295 -0.001352 
158 2.492188 0.000000 0.789097 99.985868 0.000000 5.400147 -0.002634 
159 3.281250 0.000000 0.789097 99.918761 0.000000 5.438565 -0.001334 
160 2.492188 0.000000 1.570822 100.020624 0.000000 6.227048 -0.004290 
161 1.308594 0.000000 0.398235 100.265387 0.000000 4.357619 -0.007214 
162 1.703125 0.000000 0.398235 100.063906 0.000000 4.628130 -0.003420 
163 1.308594 0.000000 0.789097 100.481645 0.000000 5.162891 -0.012322 
164 0.716797 0.000000 0.202803 100.836024 0.000000 2.593997 -0.017463 
165 0.914062 0.000000 0.202803 100.384894 0.000000 3.277026 -0.008787 
166 0.716797 0.000000 0.398235 101.393524 0.000000 3.589501 -0.029353 
167 0.420898 0.000000 0.105088 97.866935 0.000000 -4.883513 0.039821 
168 0.519531 0.000000 0.105088 96.840882 0.000000 -17.098001 0.032950 
169 0.420898 0.000000 0.202803 97.786850 0.000000 -11.591385 0.030337 
170 0.272949 0.000000 0.056230 97.868574 0.000000 -2.895607 0.041336 
171 0.223633 0.000000 0.056230 97.953367 0.000000 -2.183689 0.040037 
172 0.322266 0.000000 0.056230 97.807220 0.000000 -3.335604 0.042262 
173 0.272949 0.000000 0.105088 97.891196 0.000000 -2.685444 0.041010 
174 0.248291 0.000000 -0.017057 97.890893 0.000000 -2.648159 0.041036 
175 0.223633 0.000000 -0.017057 97.936584 0.000000 -2.248895 0.040337 
176 0.248291 0.000000 -0.041486 97.889701 0.000000 -2.604953 0.041082 
177 0.272949 0.000000 -0.017057 97.850416 0.000000 -2.975837 0.041644 
178 0.248291 0.000000 0.007372 97.894569 0.000000 -2.657381 0.040959 
179 0.026367 0.000000 0.105088 98.238962 0.000000 1.749645 0.034605 
180 -0.072266 0.000000 0.105088 98.261125 0.000000 2.846365 0.033665 
181 0.026367 0.000000 0.202803 98.203649 0.000000 1.299954 0.035435 
182 0.174316 0.000000 0.056230 98.049399 0.000000 -1.228297 0.038481 
183 0.125000 0.000000 0.056230 98.138752 0.000000 -0.129832 0.036877 
184 0.174316 0.000000 0.105088 98.056239 0.000000 -1.133106 0.038369 
185 0.198975 0.000000 0.031801 97.995354 0.000000 -1.772614 0.039377 
186 0.174316 0.000000 0.031801 99.156591 0.000000 -3.078378 0.015849 
187 0.198975 0.000000 0.007372 99.066630 0.000000 -9.214400 0.010090 
188 0.223633 0.000000 0.031801 97.946409 0.000000 -2.234603 0.040151 
189 0.198975 0.000000 0.056230 98.001062 0.000000 -1.731662 0.039279 
190 0.075684 0.000000 0.056230 98.206580 0.000000 0.966749 0.035453 
191 0.026367 0.000000 0.056230 98.247389 0.000000 1.917513 0.034377 
192 0.075684 0.000000 0.007372 100.286204 0.000000 5.617050 -0.008887 
193 0.075684 0.000000 0.105088 98.199800 0.000000 0.872474 0.035604 
194 0.149658 0.000000 0.031801 99.701434 0.000000 -2.193957 0.005481 
195 0.125000 0.000000 0.031801 99.867387 0.000000 0.372856 0.002637 
196 0.149658 0.000000 0.007372 99.930192 0.000000 -2.410817 0.000814 
197 0.149658 0.000000 0.056230 98.096013 0.000000 -0.688434 0.037670 
198 0.198975 0.000000 -0.017057 97.985535 0.000000 -1.784151 0.039565 
199 0.174316 0.000000 -0.017057 98.035348 0.000000 -1.265197 0.038747 
200 0.198975 0.000000 -0.041486 97.981938 0.000000 -1.753755 0.039646 
201 0.186646 0.000000 0.019586 99.542567 0.000000 -6.663244 0.004688 
202 0.174316 0.000000 0.019586 99.631317 0.000000 -5.431632 0.004410 
203 0.186646 0.000000 0.007372 99.615152 0.000000 -7.221749 0.002467 
204 0.198975 0.000000 0.019586 99.043987 0.000000 -8.567693 0.011688 
205 0.186646 0.000000 0.031801 98.873808 0.000000 -5.073959 0.019822 
206 0.075684 0.000000 -0.041486 98.190130 0.000000 0.980772 0.035774 
207 0.026367 0.000000 -0.041486 98.232602 0.000000 1.943104 0.034658 
208 0.075684 0.000000 -0.090344 98.169659 0.000000 0.896084 0.036192 
209 0.100342 0.000000 0.031801 99.505330 0.000000 1.527122 0.009636 
210 0.075684 0.000000 0.031801 99.491673 0.000000 3.354685 0.009015 
211 0.100342 0.000000 0.007372 100.204740 0.000000 2.999744 -0.004999 
212 0.100342 0.000000 0.056230 98.175950 0.000000 0.428281 0.036130 
213 -9.343750 0.000000 3.134272 99.708467 0.000000 7.867041 -0.000367 
214 -12.500000 0.000000 3.134272 99.699586 0.000000 7.859159 -0.000177 
215 -9.343750 0.000000 0.007372 99.693416 0.000000 7.872961 -0.000076 
216 -9.343750 0.000000 6.261172 99.713728 0.000000 7.856558 -0.000455 
217 -4.609375 0.000000 1.570822 99.755890 0.000000 7.932933 -0.001417 
218 -6.187500 0.000000 1.570822 99.721568 0.000000 7.897949 -0.000677 
219 -4.609375 0.000000 0.007372 99.697161 0.000000 7.954915 -0.000280 
220 -4.609375 0.000000 3.134272 99.774875 0.000000 7.887882 -0.001724 
221 -2.242188 0.000000 0.789097 99.892010 0.000000 8.142954 -0.004472 
222 -3.031250 0.000000 0.789097 99.793842 0.000000 8.036758 -0.002340 
223 -2.242188 0.000000 0.007372 99.705045 0.000000 8.213056 -0.000855 
224 -2.242188 0.000000 1.570822 99.969806 0.000000 8.008122 -0.005809 
225 -1.058594 0.000000 0.398235 100.230349 0.000000 8.820716 -0.012393 
226 -1.453125 0.000000 0.398235 99.985384 0.000000 8.507847 -0.006946 
227 -1.058594 0.000000 0.007372 99.714278 0.000000 9.008003 -0.002408 
228 -1.058594 0.000000 0.789097 100.467427 0.000000 8.446182 -0.016504 
229 -0.466797 0.000000 0.202803 100.966037 0.000000 10.530608 -0.030503 
230 -0.664062 0.000000 0.202803 100.404963 0.000000 9.765963 -0.017653 
231 -0.466797 0.000000 0.007372 99.713648 0.000000 10.989274 -0.006358 
232 -0.466797 0.000000 0.398235 101.552662 0.000000 9.635404 -0.040578 
233 -0.170898 0.000000 0.105088 98.653878 0.000000 4.944538 0.024296 
234 -0.269531 0.000000 0.105088 99.339574 0.000000 15.143171 -0.009767 
235 -0.170898 0.000000 0.007372 98.250105 0.000000 3.365745 0.033559 
236 -0.170898 0.000000 0.202803 99.385184 0.000000 9.864276 0.002528 
237 -0.022949 0.000000 0.056230 98.264877 0.000000 2.624286 0.033713 
238 -0.072266 0.000000 0.056230 98.267031 0.000000 3.060458 0.033422 
239 -0.022949 0.000000 0.007372 98.263123 0.000000 2.712820 0.033700 
240 -0.022949 0.000000 0.105088 98.257266 0.000000 2.416501 0.033967 
241 0.051025 0.000000 0.031801 99.408160 0.000000 4.863432 0.009436 
242 0.026367 0.000000 0.031801 98.247792 0.000000 1.967709 0.034350 
243 0.051025 0.000000 0.007372 100.270739 0.000000 8.760308 -0.013096 
244 0.051025 0.000000 0.056230 98.230302 0.000000 1.468013 0.034865 
245 -9.343750 0.000000 -3.119528 99.678156 0.000000 7.867502 0.000237 
246 -12.500000 0.000000 -3.119528 99.685806 0.000000 7.859376 0.000097 
247 -9.343750 0.000000 -6.246428 99.672412 0.000000 7.857293 0.000367 
248 -4.609375 0.000000 -1.556078 99.637862 0.000000 7.934302 0.000934 
249 -6.187500 0.000000 -1.556078 99.668467 0.000000 7.898649 0.000381 
250 -4.609375 0.000000 -3.119528 99.617552 0.000000 7.890177 0.001409 
251 -2.242188 0.000000 -0.774353 99.517395 0.000000 8.145763 0.002993 
252 -3.031250 0.000000 -0.774353 99.608480 0.000000 8.038491 0.001353 
253 -2.242188 0.000000 -1.556078 99.437965 0.000000 8.013351 0.004788 
254 -1.058594 0.000000 -0.383490 99.198842 0.000000 8.822722 0.008175 
255 -1.453125 0.000000 -0.383490 99.437142 0.000000 8.506945 0.003989 
256 -1.058594 0.000000 -0.774353 98.961943 0.000000 8.451630 0.013510 
257 -0.466797 0.000000 -0.188059 98.465941 0.000000 10.523570 0.019371 
258 -0.664062 0.000000 -0.188059 99.028595 0.000000 9.764242 0.009800 
259 -0.466797 0.000000 -0.383490 97.888787 0.000000 9.628514 0.032508 
260 -0.170898 0.000000 -0.090344 98.233623 0.000000 3.172933 0.034009 
261 -0.269531 0.000000 -0.090344 99.193213 0.000000 16.892396 -0.012465 
262 -0.170898 0.000000 -0.188059 99.421330 0.000000 11.675227 -0.002091 
263 -0.022949 0.000000 -0.041486 98.251879 0.000000 2.656150 0.033951 
264 -0.072266 0.000000 -0.041486 98.255860 0.000000 3.093235 0.033622 
265 -0.022949 0.000000 -0.090344 98.233185 0.000000 2.471138 0.034413 
266 0.001709 0.000000 0.031801 98.259013 0.000000 2.362172 0.033959 
267 -0.022949 0.000000 0.031801 98.265235 0.000000 2.686003 0.033673 
268 0.001709 0.000000 0.007372 98.256771 0.000000 2.387099 0.033991 
269 0.001709 0.000000 0.056230 98.258579 0.000000 2.304821 0.033994 
270 0.051025 0.000000 -0.017057 98.222507 0.000000 1.519031 0.035003 
271 0.026367 0.000000 -0.017057 98.240235 0.000000 1.981074 0.034493 
272 0.051025 0.000000 -0.041486 98.214662 0.000000 1.488392 0.035166 
273 0.075684 0.000000 -0.017057 98.197940 0.000000 1.002338 0.035616 
274 0.038696 0.000000 0.019586 100.051163 0.000000 8.930594 -0.008999 
275 0.026367 0.000000 0.019586 99.508918 0.000000 7.695414 0.003876 
276 0.038696 0.000000 0.007372 100.566061 0.000000 12.121546 -0.026046 
277 0.051025 0.000000 0.019586 100.126010 0.000000 8.257090 -0.009340 
278 0.038696 0.000000 0.031801 98.239966 0.000000 1.745589 0.034586 
279 0.001709 0.000000 -0.017057 98.251913 0.000000 2.377530 0.034091 
280 -0.022949 0.000000 -0.017057 98.258603 0.000000 2.702596 0.033794 
281 0.001709 0.000000 -0.041486 98.244676 0.000000 2.334266 0.034253 
282 0.014038 0.000000 -0.004842 98.895058 0.000000 15.929025 -0.003397 
283 0.001709 0.000000 -0.004842 98.254658 0.000000 2.386645 0.034033 
284 0.014038 0.000000 -0.017057 98.246768 0.000000 2.187987 0.034279 
285 0.026367 0.000000 -0.004842 99.429386 0.000000 11.221067 -0.001212 
286 0.014038 0.000000 0.007372 99.359979 0.000000 19.474214 -0.025165 
287 2.097656 0.000000 0.398235 99.977858 0.000000 4.778931 -0.001841 
288 2.097656 0.000000 0.007372 99.842023 0.000000 4.472444 0.001157 
289 2.492188 0.000000 0.398235 99.939767 0.000000 4.862283 -0.001160 
290 2.097656 0.000000 0.789097 100.069014 0.000000 5.335614 -0.004228 
291 2.097656 0.000000 -0.383490 99.664639 0.000000 4.956226 0.004240 
292 2.097656 0.000000 -0.774353 99.518686 0.000000 5.505810 0.006572 
293 2.492188 0.000000 -0.383490 99.732279 0.000000 5.107603 0.002738 
294 0.149658 0.000000 -0.017057 98.083507 0.000000 -0.707697 0.037912 
295 0.125000 0.000000 -0.017057 98.127724 0.000000 -0.130412 0.037093 
296 0.149658 0.000000 -0.041486 98.077552 0.000000 -0.696858 0.038031 
297 0.248291 0.000000 0.031801 97.900590 0.000000 -2.631837 0.040855 
298 0.272949 0.000000 0.031801 97.859847 0.000000 -2.958260 0.041470 
299 0.248291 0.000000 0.056230 97.908583 0.000000 -2.573644 0.040729 
300 0.100342 0.000000 -0.017057 98.166229 0.000000 0.446344 0.036319 
301 0.100342 0.000000 -0.041486 98.158743 0.000000 0.435121 0.036467 
302 0.014038 0.000000 0.019586 98.253285 0.000000 2.189304 0.034150 
303 0.001709 0.000000 0.019586 98.258227 0.000000 2.378883 0.033966 
304 0.014038 0.000000 0.031801 98.254098 0.000000 2.173532 0.034141 
305 0.038696 0.000000 -0.004842 99.599647 0.000000 8.030641 0.001542 
306 0.038696 0.000000 -0.017057 98.232186 0.000000 1.757682 0.034735 
307 0.051025 0.000000 -0.004842 99.546575 0.000000 5.274203 0.006266 
1 7 12 10 11 
2 12 2 13 10 
3 1 17 15 16 
4 17 7 11 15 
5 19 21 3 22 
6 20 19 22 9 
7 11 25 23 24 
8 25 10 26 23 
9 28 20 9 30 
10 29 28 30 4 
11 15 33 31 32 
12 33 11 24 31 
13 35 37 19 38 
14 36 35 38 20 
15 24 41 39 40 
16 41 23 42 39 
17 44 36 20 46 
18 45 44 46 28 
19 31 49 47 48 
20 49 24 40 47 
21 51 53 35 54 
22 52 51 54 36 
23 40 57 55 56 
24 57 39 58 55 
25 60 52 36 62 
26 61 60 62 44 
27 47 65 63 64 
28 65 40 56 63 
29 67 69 51 70 
30 68 67 70 52 
31 56 73 71 72 
32 73 55 74 71 
33 76 68 52 78 
34 77 76 78 60 
35 63 81 79 80 
36 81 56 72 79 
37 83 85 67 86 
38 84 83 86 68 
39 72 89 87 88 
40 89 71 90 87 
41 92 84 68 94 
42 93 92 94 76 
43 79 97 95 96 
44 97 72 88 95 
45 99 101 83 102 
46 100 99 102 84 
47 88 105 103 104 
48 105 87 106 103 
49 10 109 108 26 
50 109 13 110 108 
51 108 110 8 111 
52 26 108 111 14 
53 23 113 112 42 
54 113 26 114 112 
55 112 114 14 115 
56 42 112 115 27 
57 39 117 116 58 
58 117 42 118 116 
59 116 118 27 119 
60 55 121 120 74 
61 121 58 122 120 
62 120 122 43 123 
63 74 120 123 59 
64 71 125 124 90 
65 125 74 126 124 
66 124 126 59 127 
67 90 124 127 75 
68 87 129 128 106 
69 129 90 130 128 
70 128 130 75 131 
71 106 128 131 91 
72 132 100 84 134 
73 133 132 134 92 
74 135 137 99 138 
75 136 135 138 100 
76 103 141 139 140 
77 141 106 142 139 
78 139 142 91 143 
79 95 146 144 145 
80 146 88 104 144 
81 104 150 148 149 
82 150 103 140 148 
83 14 111 152 37 
84 111 8 153 152 
85 152 153 21 154 
86 37 152 154 19 
87 27 115 155 53 
88 115 14 156 155 
89 155 156 37 157 
90 53 155 157 35 
91 119 27 159 158 
92 158 159 53 160 
93 69 158 160 51 
94 59 123 161 85 
95 123 43 162 161 
96 161 162 69 163 
97 85 161 163 67 
98 75 127 164 101 
99 127 59 165 164 
100 164 165 85 166 
101 101 164 166 83 
102 91 131 167 137 
103 131 75 168 167 
104 167 168 101 169 
105 137 167 169 99 
106 143 91 172 170 
107 170 172 137 173 
108 171 170 173 135 
109 140 176 174 175 
110 176 139 177 174 
111 174 177 143 178 
112 175 174 178 107 
113 179 136 100 181 
114 180 179 181 132 
115 182 171 135 184 
116 183 182 184 136 
117 187 107 188 185 
118 185 188 171 189 
119 186 185 189 182 
120 190 183 136 193 
121 191 190 193 179 
122 5 196 194 195 
123 196 151 186 194 
124 194 186 182 197 
125 195 194 197 183 
126 148 200 198 199 
127 200 140 175 198 
128 198 175 107 187 
129 199 198 187 151 
130 151 203 201 202 
131 203 187 204 201 
132 201 204 185 205 
133 202 201 205 186 
134 144 208 206 207 
135 208 104 149 206 
136 192 211 209 210 
137 211 5 195 209 
138 209 195 183 212 
139 210 209 212 190 
140 6 215 213 214 
141 215 18 45 213 
142 213 45 28 216 
143 214 213 216 29 
144 18 219 217 218 
145 219 34 61 217 
146 217 61 44 220 
147 218 217 220 45 
148 34 223 221 222 
149 223 50 77 221 
150 221 77 60 224 
151 222 221 224 61 
152 50 227 225 226 
153 227 66 93 225 
154 225 93 76 228 
155 226 225 228 77 
156 66 231 229 230 
157 231 82 133 229 
158 229 133 92 232 
159 230 229 232 93 
160 82 235 233 234 
161 235 98 180 233 
162 233 180 132 236 
163 234 233 236 133 
164 98 239 237 238 
165 237 191 179 240 
166 238 237 240 180 
167 243 192 210 241 
168 241 210 190 244 
169 242 241 244 191 
170 16 247 245 246 
171 247 15 32 245 
172 245 32 18 215 
173 246 245 215 6 
174 32 250 248 249 
175 250 31 48 248 
176 248 48 34 219 
177 249 248 219 18 
178 48 253 251 252 
179 253 47 64 251 
180 251 64 50 223 
181 252 251 223 34 
182 64 256 254 255 
183 256 63 80 254 
184 254 80 66 227 
185 255 254 227 50 
186 80 259 257 258 
187 259 79 96 257 
188 257 96 82 231 
189 258 257 231 66 
190 96 262 260 261 
191 262 95 145 260 
192 260 145 98 235 
193 261 260 235 82 
194 145 265 263 264 
195 265 144 207 263 
196 264 263 239 98 
197 239 268 266 267 
198 266 242 191 269 
199 267 266 269 237 
200 207 272 270 271 
201 272 206 273 270 
202 270 273 192 243 
203 147 276 274 275 
204 276 243 277 274 
205 274 277 241 278 
206 275 274 278 242 
207 263 281 279 280 
208 281 207 271 279 
209 280 279 268 239 
210 279 284 282 283 
211 284 271 285 282 
212 282 285 147 286 
213 283 282 286 268 
214 43 288 287 162 
215 288 119 289 287 
216 287 289 158 290 
217 162 287 290 69 
218 58 292 291 122 
219 292 116 293 291 
220 291 293 119 288 
221 122 291 288 43 
222 149 296 294 295 
223 296 148 199 294 
224 294 199 151 196 
225 295 294 196 5 
226 107 178 297 188 
227 178 143 298 297 
228 297 298 170 299 
229 188 297 299 171 
230 206 301 300 273 
231 301 149 295 300 
232 300 295 5 211 
233 273 300 211 192 
234 268 286 302 303 
235 286 147 275 302 
236 302 275 242 304 
237 303 302 304 266 
238 271 306 305 285 
239 306 270 307 305 
240 305 307 243 276 
241 285 305 276 147 
