2 0.000000 100.000000 1057.418842
307 241 
1 -12.500000 0.000000 -12.500228 99.242285 0.000000 12.189881 0.000238 
2 12.750000 0.000000 -12.500228 99.247170 0.000000 12.123555 0.000302 
3 12.750000 0.000000 12.514972 99.278260 0.000000 12.088301 -0.000230 
4 -12.500000 0.000000 12.514972 99.269431 0.000000 12.188912 -0.000299 
5 0.125000 0.000000 0.007372 100.127987 0.000000 0.440463 -0.002581 
6 -12.500000 0.000000 0.007372 99.256611 0.000000 12.206038 -0.000086 
7 0.125000 0.000000 -12.500228 99.220121 0.000000 12.152784 0.000768 
8 12.750000 0.000000 0.007372 99.470075 0.000000 10.389823 -0.000224 
9 0.125000 0.000000 12.514972 99.297615 0.000000 12.144995 -0.000752 
10 6.437500 0.000000 -6.246428 99.223873 0.000000 11.948225 0.001186 
11 0.125000 0.000000 -6.246428 99.117981 0.000000 12.058625 0.003022 
12 6.437500 0.000000 -12.500228 99.232714 0.000000 12.127099 0.000580 
13 12.750000 0.000000 -6.246428 99.262330 0.000000 11.985311 0.000334 
14 6.437500 0.000000 0.007372 99.558025 0.000000 9.516080 -0.000236 
15 -6.187500 0.000000 -6.246428 99.205921 0.000000 12.198783 0.000938 
16 -12.500000 0.000000 -6.246428 99.242766 0.000000 12.198660 0.000207 
17 -6.187500 0.000000 -12.500228 99.229348 0.000000 12.181047 0.000516 
18 -6.187500 0.000000 0.007372 99.261530 0.000000 12.261754 -0.000320 
19 6.437500 0.000000 6.261172 99.340976 0.000000 11.840866 -0.000884 
20 0.125000 0.000000 6.261172 99.420361 0.000000 12.033113 -0.002920 
21 12.750000 0.000000 6.261172 99.317972 0.000000 11.749048 -0.000210 
22 6.437500 0.000000 12.514972 99.289455 0.000000 12.108145 -0.000500 
23 3.281250 0.000000 -3.119528 99.126800 0.000000 11.426024 0.004332 
24 0.125000 0.000000 -3.119528 98.791938 0.000000 11.796774 0.010099 
25 3.281250 0.000000 -6.246428 99.169084 0.000000 11.961396 0.002242 
26 6.437500 0.000000 -3.119528 99.269998 0.000000 11.514342 0.001289 
27 3.281250 0.000000 0.007372 99.575220 0.000000 8.792424 0.000747 
28 -6.187500 0.000000 6.261172 99.312275 0.000000 12.195410 -0.001166 
29 -12.500000 0.000000 6.261172 99.269911 0.000000 12.197902 -0.000330 
30 -6.187500 0.000000 12.514972 99.284522 0.000000 12.178382 -0.000573 
31 -3.031250 0.000000 -3.119528 99.070961 0.000000 12.234328 0.003527 
32 -6.187500 0.000000 -3.119528 99.208074 0.000000 12.233263 0.000811 
33 -3.031250 0.000000 -6.246428 99.156299 0.000000 12.165348 0.002003 
34 -3.031250 0.000000 0.007372 99.274864 0.000000 12.460866 -0.001077 
35 3.281250 0.000000 3.134272 99.525701 0.000000 11.213593 -0.003111 
36 0.125000 0.000000 3.134272 99.795189 0.000000 11.740467 -0.009692 
37 6.437500 0.000000 3.134272 99.427563 0.000000 11.054868 -0.000805 
38 3.281250 0.000000 6.261172 99.384327 0.000000 11.903534 -0.001894 
39 1.703125 0.000000 -1.556078 98.768339 0.000000 10.415055 0.013634 
40 0.125000 0.000000 -1.556078 97.906285 0.000000 11.351454 0.028550 
41 1.703125 0.000000 -3.119528 98.941807 0.000000 11.491813 0.007846 
42 3.281250 0.000000 -1.556078 99.210348 0.000000 10.569713 0.004559 
43 1.703125 0.000000 0.007372 99.508388 0.000000 8.015478 0.003383 
44 -3.031250 0.000000 3.134272 99.467944 0.000000 12.224257 -0.004330 
45 -6.187500 0.000000 3.134272 99.313258 0.000000 12.230704 -0.001271 
46 -3.031250 0.000000 6.261172 99.369138 0.000000 12.156473 -0.002201 
47 -1.453125 0.000000 -1.556078 98.664304 0.000000 12.398320 0.011164 
48 -3.031250 0.000000 -1.556078 99.085325 0.000000 12.359846 0.002933 
49 -1.453125 0.000000 -3.119528 98.904495 0.000000 12.123449 0.007092 
50 -1.453125 0.000000 0.007372 99.297058 0.000000 13.105523 -0.003166 
51 1.703125 0.000000 1.570822 99.981176 0.000000 10.192402 -0.010012 
52 0.125000 0.000000 1.570822 100.750916 0.000000 11.277507 -0.027793 
53 3.281250 0.000000 1.570822 99.612788 0.000000 10.114979 -0.002502 
54 1.703125 0.000000 3.134272 99.679716 0.000000 11.371855 -0.006536 
55 0.914062 0.000000 -0.774353 97.893816 0.000000 9.029710 0.033527 
56 0.125000 0.000000 -0.774353 96.030888 0.000000 10.854161 0.066026 
57 0.914062 0.000000 -1.556078 98.283122 0.000000 10.615315 0.022774 
58 1.703125 0.000000 -0.774353 98.907180 0.000000 9.306959 0.013075 
59 0.914062 0.000000 0.007372 99.440811 0.000000 6.503787 0.006923 
60 -1.453125 0.000000 1.570822 99.916128 0.000000 12.377960 -0.013645 
61 -3.031250 0.000000 1.570822 99.461088 0.000000 12.352782 -0.004510 
62 -1.453125 0.000000 3.134272 99.653143 0.000000 12.099802 -0.007715 
63 -0.664062 0.000000 -0.774353 97.675267 0.000000 12.988518 0.029084 
64 -1.453125 0.000000 -0.774353 98.733212 0.000000 12.805892 0.008776 
65 -0.664062 0.000000 -1.556078 98.195507 0.000000 12.138980 0.021029 
66 -0.664062 0.000000 0.007372 99.316537 0.000000 14.819499 -0.008339 
67 0.914062 0.000000 0.789097 100.899229 0.000000 8.887290 -0.025964 
68 0.125000 0.000000 0.789097 102.685034 0.000000 10.798523 -0.066082 
69 1.703125 0.000000 0.789097 99.964144 0.000000 9.035077 -0.007446 
70 0.914062 0.000000 1.570822 100.422019 0.000000 10.479320 -0.019440 
71 0.519531 0.000000 -0.383490 96.132586 0.000000 6.967489 0.070998 
72 0.125000 0.000000 -0.383490 98.179221 0.000000 0.027030 0.036084 
73 0.519531 0.000000 -0.774353 96.837261 0.000000 9.406241 0.053407 
74 0.914062 0.000000 -0.383490 98.184083 0.000000 7.580022 0.030243 
75 0.519531 0.000000 0.007372 96.709182 0.000000 -15.251565 0.041472 
76 -0.664062 0.000000 0.789097 100.958221 0.000000 12.967243 -0.036071 
77 -1.453125 0.000000 0.789097 99.857423 0.000000 12.793975 -0.013519 
78 -0.664062 0.000000 1.570822 100.417352 0.000000 12.101045 -0.023008 
79 -0.269531 0.000000 -0.383490 95.504355 0.000000 14.481201 0.066921 
80 -0.664062 0.000000 -0.383490 97.898011 0.000000 14.042261 0.021879 
81 -0.269531 0.000000 -0.774353 96.614364 0.000000 12.455470 0.051053 
82 -0.269531 0.000000 0.007372 100.043559 0.000000 15.399765 -0.024587 
83 0.519531 0.000000 0.398235 102.652403 0.000000 6.871230 -0.058473 
84 0.125000 0.000000 0.398235 98.224427 0.000000 0.026870 0.035196 
85 0.914062 0.000000 0.398235 100.661191 0.000000 7.456971 -0.018828 
86 0.519531 0.000000 0.789097 101.916734 0.000000 9.308504 -0.047367 
87 0.322266 0.000000 -0.188059 97.893767 0.000000 -2.429198 0.041091 
88 0.125000 0.000000 -0.188059 98.211441 0.000000 0.025152 0.035451 
89 0.322266 0.000000 -0.383490 95.931102 0.000000 -18.551836 0.045305 
90 0.519531 0.000000 -0.188059 95.819485 0.000000 -18.860348 0.046291 
91 0.322266 0.000000 0.007372 97.806963 0.000000 -3.274725 0.042307 
92 -0.269531 0.000000 0.398235 103.160746 0.000000 14.486421 -0.085200 
93 -0.664062 0.000000 0.398235 100.737045 0.000000 14.033946 -0.034490 
94 -0.269531 0.000000 0.789097 102.054162 0.000000 12.425961 -0.056946 
95 -0.072266 0.000000 -0.188059 98.432975 0.000000 2.475589 0.030482 
96 -0.269531 0.000000 -0.188059 99.884073 0.000000 18.741792 -0.032808 
97 -0.072266 0.000000 -0.383490 99.926046 0.000000 18.471537 -0.032641 
98 -0.072266 0.000000 0.007372 98.530967 0.000000 3.315016 0.028066 
99 0.322266 0.000000 0.202803 97.939963 0.000000 -2.354829 0.040222 
100 0.125000 0.000000 0.202803 98.257550 0.000000 0.025001 0.034545 
101 0.519531 0.000000 0.202803 95.857486 0.000000 -18.761550 0.045935 
102 0.322266 0.000000 0.398235 96.537123 0.000000 -16.329455 0.041393 
103 0.223633 0.000000 -0.090344 97.999481 0.000000 -1.907663 0.039246 
104 0.125000 0.000000 -0.090344 98.241614 0.000000 0.023975 0.034858 
105 0.223633 0.000000 -0.188059 98.031185 0.000000 -1.461318 0.038775 
106 0.322266 0.000000 -0.090344 97.826962 0.000000 -3.025622 0.042073 
107 0.223633 0.000000 0.007372 97.472267 0.000000 -15.863661 0.024750 
108 9.593750 0.000000 -3.119528 99.297605 0.000000 11.619258 0.000498 
109 9.593750 0.000000 -6.246428 99.251101 0.000000 11.964648 0.000607 
110 12.750000 0.000000 -3.119528 99.301326 0.000000 11.699131 0.000238 
111 9.593750 0.000000 0.007372 99.511997 0.000000 10.011699 -0.000287 
112 4.859375 0.000000 -1.556078 99.324630 0.000000 10.746179 0.001914 
113 4.859375 0.000000 -3.119528 99.222737 0.000000 11.458355 0.002355 
114 6.437500 0.000000 -1.556078 99.358411 0.000000 10.891804 0.000927 
115 4.859375 0.000000 0.007372 99.575386 0.000000 9.208408 -0.000005 
116 2.492188 0.000000 -0.774353 99.228458 0.000000 9.613920 0.006129 
117 2.492188 0.000000 -1.556078 99.064254 0.000000 10.472847 0.007659 
118 3.281250 0.000000 -0.774353 99.349431 0.000000 9.831183 0.003304 
119 2.492188 0.000000 0.007372 99.556983 0.000000 8.505306 0.001607 
120 1.308594 0.000000 -0.383490 98.870654 0.000000 8.203045 0.015730 
121 1.308594 0.000000 -0.774353 98.546101 0.000000 9.122182 0.020545 
122 1.703125 0.000000 -0.383490 99.152977 0.000000 8.598481 0.009475 
123 1.308594 0.000000 0.007372 99.480595 0.000000 7.531535 0.004689 
124 0.716797 0.000000 -0.188059 98.124329 0.000000 6.026100 0.033530 
125 0.716797 0.000000 -0.383490 97.445593 0.000000 7.195431 0.045258 
126 0.914062 0.000000 -0.188059 98.700496 0.000000 6.855119 0.021122 
127 0.716797 0.000000 0.007372 99.410722 0.000000 5.432647 0.008799 
128 0.420898 0.000000 -0.090344 97.771959 0.000000 -3.296143 0.042978 
129 0.420898 0.000000 -0.188059 97.406686 0.000000 -11.636785 0.037652 
130 0.519531 0.000000 -0.090344 96.300783 0.000000 -17.034198 0.043600 
131 0.420898 0.000000 0.007372 97.753431 0.000000 -3.490389 0.043208 
132 -0.072266 0.000000 0.202803 98.462162 0.000000 2.402087 0.029943 
133 -0.269531 0.000000 0.202803 99.899483 0.000000 18.659496 -0.032808 
134 -0.072266 0.000000 0.398235 100.071013 0.000000 16.459118 -0.028511 
135 0.223633 0.000000 0.105088 98.034306 0.000000 -1.862433 0.038581 
136 0.125000 0.000000 0.105088 98.272808 0.000000 0.023881 0.034245 
137 0.322266 0.000000 0.105088 97.858377 0.000000 -2.966344 0.041494 
138 0.223633 0.000000 0.202803 98.081176 0.000000 -1.408762 0.037810 
139 0.272949 0.000000 -0.041486 97.883001 0.000000 -2.776770 0.041121 
140 0.223633 0.000000 -0.041486 97.992787 0.000000 -2.058752 0.039318 
141 0.272949 0.000000 -0.090344 97.898089 0.000000 -2.590245 0.040925 
142 0.322266 0.000000 -0.041486 97.807983 0.000000 -3.217091 0.042325 
143 0.272949 0.000000 0.007372 97.883923 0.000000 -2.833568 0.041071 
144 0.026367 0.000000 -0.090344 98.423667 0.000000 1.952846 0.030897 
145 -0.072266 0.000000 -0.090344 98.496698 0.000000 3.067646 0.028899 
146 0.026367 0.000000 -0.188059 98.357793 0.000000 1.510006 0.032346 
147 0.026367 0.000000 0.007372 100.987903 0.000000 15.276156 -0.043192 
148 0.174316 0.000000 -0.041486 98.124672 0.000000 -1.091227 0.037036 
149 0.125000 0.000000 -0.041486 98.257112 0.000000 0.023557 0.034554 
150 0.174316 0.000000 -0.090344 98.120083 0.000000 -1.006104 0.037144 
151 0.174316 0.000000 0.007372 99.433986 0.000000 -5.453456 0.008314 
152 9.593750 0.000000 3.134272 99.426829 0.000000 10.867568 -0.000380 
153 12.750000 0.000000 3.134272 99.451016 0.000000 10.617401 -0.000323 
154 9.593750 0.000000 6.261172 99.322256 0.000000 11.796852 -0.000408 
155 4.859375 0.000000 1.570822 99.552418 0.000000 10.006877 -0.001082 
156 6.437500 0.000000 1.570822 99.553481 0.000000 9.841268 -0.000775 
157 4.859375 0.000000 3.134272 99.455527 0.000000 11.130397 -0.001529 
158 2.492188 0.000000 0.789097 99.708370 0.000000 9.168966 -0.002583 
159 3.281250 0.000000 0.789097 99.641205 0.000000 9.180302 -0.001265 
160 2.492188 0.000000 1.570822 99.724071 0.000000 10.142590 -0.004776 
161 1.308594 0.000000 0.398235 100.035888 0.000000 8.011417 -0.007136 
162 1.703125 0.000000 0.398235 99.801508 0.000000 8.326998 -0.002968 
163 1.308594 0.000000 0.789097 100.287912 0.000000 8.921527 -0.013726 
164 0.716797 0.000000 0.202803 100.695689 0.000000 5.956685 -0.017510 
165 0.914062 0.000000 0.202803 100.169436 0.000000 6.771728 -0.007977 
166 0.716797 0.000000 0.398235 101.365654 0.000000 7.093102 -0.032531 
167 0.420898 0.000000 0.105088 97.840648 0.000000 -4.734884 0.040479 
168 0.519531 0.000000 0.105088 96.324334 0.000000 -16.969363 0.043366 
169 0.420898 0.000000 0.202803 97.456326 0.000000 -11.484836 0.037036 
170 0.272949 0.000000 0.056230 97.901841 0.000000 -2.743672 0.040770 
171 0.223633 0.000000 0.056230 98.012099 0.000000 -2.032107 0.038950 
172 0.322266 0.000000 0.056230 97.825251 0.000000 -3.183041 0.042009 
173 0.272949 0.000000 0.105088 97.932113 0.000000 -2.533492 0.040288 
174 0.248291 0.000000 -0.017057 97.933364 0.000000 -2.496023 0.040283 
175 0.223633 0.000000 -0.017057 97.993430 0.000000 -2.096870 0.039289 
176 0.248291 0.000000 -0.041486 97.934045 0.000000 -2.452547 0.040291 
177 0.272949 0.000000 -0.017057 97.881257 0.000000 -2.823474 0.041129 
178 0.248291 0.000000 0.007372 97.936465 0.000000 -2.505460 0.040217 
179 0.026367 0.000000 0.105088 98.448099 0.000000 1.907957 0.030433 
180 -0.072266 0.000000 0.105088 98.514582 0.000000 3.009321 0.028582 
181 0.026367 0.000000 0.202803 98.395697 0.000000 1.457631 0.031616 
182 0.174316 0.000000 0.056230 98.143299 0.000000 -1.076364 0.036673 
183 0.125000 0.000000 0.056230 98.274223 0.000000 0.023507 0.034218 
184 0.174316 0.000000 0.105088 98.153803 0.000000 -0.980999 0.036487 
185 0.198975 0.000000 0.031801 98.069166 0.000000 -1.620916 0.037981 
186 0.174316 0.000000 0.031801 99.105675 0.000000 -2.987039 0.016914 
187 0.198975 0.000000 0.007372 98.750706 0.000000 -9.138046 0.016479 
188 0.223633 0.000000 0.031801 98.003357 0.000000 -2.082958 0.039100 
189 0.198975 0.000000 0.056230 98.076307 0.000000 -1.580020 0.037854 
190 0.075684 0.000000 0.056230 98.384610 0.000000 1.122528 0.031921 
191 0.026367 0.000000 0.056230 98.463093 0.000000 2.076285 0.030071 
192 0.075684 0.000000 0.007372 100.544461 0.000000 5.675682 -0.014140 
193 0.075684 0.000000 0.105088 98.374239 0.000000 1.028098 0.032145 
194 0.149658 0.000000 0.031801 99.653006 0.000000 -2.127501 0.006475 
195 0.125000 0.000000 0.031801 99.911853 0.000000 0.436926 0.001743 
196 0.149658 0.000000 0.007372 99.858482 0.000000 -2.356631 0.002273 
197 0.149658 0.000000 0.056230 98.210203 0.000000 -0.535940 0.035447 
198 0.198975 0.000000 -0.017057 98.059352 0.000000 -1.632058 0.038170 
199 0.174316 0.000000 -0.017057 98.128383 0.000000 -1.112801 0.036958 
200 0.198975 0.000000 -0.041486 98.057207 0.000000 -1.601341 0.038222 
201 0.186646 0.000000 0.019586 99.312458 0.000000 -6.601919 0.009345 
202 0.174316 0.000000 0.019586 99.449964 0.000000 -5.370891 0.008086 
203 0.186646 0.000000 0.007372 99.356377 0.000000 -7.165662 0.007696 
204 0.198975 0.000000 0.019586 98.757998 0.000000 -8.488188 0.017481 
205 0.186646 0.000000 0.031801 98.751941 0.000000 -4.974850 0.022330 
206 0.075684 0.000000 -0.041486 98.369417 0.000000 1.137392 0.032216 
207 0.026367 0.000000 -0.041486 98.449902 0.000000 2.102695 0.030320 
208 0.075684 0.000000 -0.090344 98.346319 0.000000 1.053236 0.032689 
209 0.100342 0.000000 0.031801 99.619302 0.000000 1.613284 0.007339 
210 0.075684 0.000000 0.031801 99.689048 0.000000 3.447263 0.005021 
211 0.100342 0.000000 0.007372 100.336815 0.000000 3.052312 -0.007679 
212 0.100342 0.000000 0.056230 98.332957 0.000000 0.582731 0.033029 
213 -9.343750 0.000000 3.134272 99.276731 0.000000 12.213158 -0.000503 
214 -12.500000 0.000000 3.134272 99.265147 0.000000 12.203405 -0.000249 
215 -9.343750 0.000000 0.007372 99.257997 0.000000 12.220745 -0.000150 
216 -9.343750 0.000000 6.261172 99.283109 0.000000 12.199950 -0.000597 
217 -4.609375 0.000000 1.570822 99.338917 0.000000 12.295139 -0.001939 
218 -6.187500 0.000000 1.570822 99.294505 0.000000 12.251747 -0.000950 
219 -4.609375 0.000000 0.007372 99.265800 0.000000 12.323549 -0.000557 
220 -4.609375 0.000000 3.134272 99.362098 0.000000 12.238580 -0.002261 
221 -2.242188 0.000000 0.789097 99.517112 0.000000 12.559374 -0.006139 
222 -3.031250 0.000000 0.789097 99.390708 0.000000 12.426803 -0.003294 
223 -2.242188 0.000000 0.007372 99.283182 0.000000 12.649014 -0.001715 
224 -2.242188 0.000000 1.570822 99.613413 0.000000 12.389233 -0.007633 
225 -1.058594 0.000000 0.398235 99.949706 0.000000 13.401512 -0.016954 
226 -1.453125 0.000000 0.398235 99.639564 0.000000 13.013259 -0.009739 
227 -1.058594 0.000000 0.007372 99.306502 0.000000 13.639066 -0.004781 
228 -1.058594 0.000000 0.789097 100.242685 0.000000 12.931617 -0.021582 
229 -0.466797 0.000000 0.202803 100.889313 0.000000 15.533616 -0.041995 
230 -0.664062 0.000000 0.202803 100.177616 0.000000 14.581748 -0.024818 
231 -0.466797 0.000000 0.007372 99.320074 0.000000 16.120959 -0.012436 
232 -0.466797 0.000000 0.398235 101.610200 0.000000 14.404071 -0.053211 
233 -0.170898 0.000000 0.105088 98.973019 0.000000 5.101795 0.017831 
234 -0.269531 0.000000 0.105088 100.053231 0.000000 15.315766 -0.024522 
235 -0.170898 0.000000 0.007372 98.525123 0.000000 3.531888 0.028033 
236 -0.170898 0.000000 0.202803 99.870459 0.000000 10.011167 -0.007433 
237 -0.022949 0.000000 0.056230 98.509044 0.000000 2.785900 0.028821 
238 -0.072266 0.000000 0.056230 98.529025 0.000000 3.224235 0.028164 
239 -0.022949 0.000000 0.007372 98.510962 0.000000 2.874967 0.028732 
240 -0.022949 0.000000 0.105088 98.493200 0.000000 2.577408 0.029245 
241 0.051025 0.000000 0.031801 99.702011 0.000000 4.970746 0.003480 
242 0.026367 0.000000 0.031801 98.465539 0.000000 2.126717 0.030001 
243 0.051025 0.000000 0.007372 100.723294 0.000000 8.843973 -0.022340 
244 0.051025 0.000000 0.056230 98.428108 0.000000 1.625263 0.030927 
245 -9.343750 0.000000 -3.119528 99.238829 0.000000 12.214100 0.000247 
246 -12.500000 0.000000 -3.119528 99.247921 0.000000 12.203844 0.000092 
247 -9.343750 0.000000 -6.246428 99.231456 0.000000 12.201440 0.000424 
248 -4.609375 0.000000 -1.556078 99.191435 0.000000 12.298052 0.000982 
249 -6.187500 0.000000 -1.556078 99.228076 0.000000 12.253209 0.000365 
250 -4.609375 0.000000 -3.119528 99.165362 0.000000 12.243392 0.001633 
251 -2.242188 0.000000 -0.774353 99.047345 0.000000 12.565972 0.003172 
252 -3.031250 0.000000 -0.774353 99.158012 0.000000 12.430688 0.001317 
253 -2.242188 0.000000 -1.556078 98.946631 0.000000 12.400997 0.005578 
254 -1.058594 0.000000 -0.383490 98.662592 0.000000 13.409442 0.008588 
255 -1.453125 0.000000 -0.383490 98.954816 0.000000 13.015223 0.003855 
256 -1.058594 0.000000 -0.774353 98.366482 0.000000 12.947652 0.015639 
257 -0.466797 0.000000 -0.188059 97.752886 0.000000 15.534526 0.020305 
258 -0.664062 0.000000 -0.188059 98.456111 0.000000 14.585285 0.009366 
259 -0.466797 0.000000 -0.383490 97.037767 0.000000 14.409491 0.037604 
260 -0.170898 0.000000 -0.090344 98.501296 0.000000 3.338842 0.028635 
261 -0.269531 0.000000 -0.090344 99.989804 0.000000 17.081005 -0.028972 
262 -0.170898 0.000000 -0.188059 99.981413 0.000000 11.828130 -0.013619 
263 -0.022949 0.000000 -0.041486 98.497776 0.000000 2.818527 0.029024 
264 -0.072266 0.000000 -0.041486 98.519524 0.000000 3.257689 0.028329 
265 -0.022949 0.000000 -0.090344 98.472166 0.000000 2.633434 0.029630 
266 0.001709 0.000000 0.031801 98.492594 0.000000 2.522698 0.029284 
267 -0.022949 0.000000 0.031801 98.511910 0.000000 2.847916 0.028729 
268 0.001709 0.000000 0.007372 98.491449 0.000000 2.547855 0.029294 
269 0.001709 0.000000 0.056230 98.489830 0.000000 2.465074 0.029368 
270 0.051025 0.000000 -0.017057 98.422713 0.000000 1.676903 0.031016 
271 0.026367 0.000000 -0.017057 98.458808 0.000000 2.140502 0.030128 
272 0.051025 0.000000 -0.041486 98.413919 0.000000 1.646476 0.031199 
273 0.075684 0.000000 -0.017057 98.377789 0.000000 1.158701 0.032047 
274 0.038696 0.000000 0.019586 100.534377 0.000000 9.030634 -0.018871 
275 0.026367 0.000000 0.019586 99.964920 0.000000 7.820846 -0.005415 
276 0.038696 0.000000 0.007372 101.198994 0.000000 12.215527 -0.039046 
277 0.051025 0.000000 0.019586 100.561336 0.000000 8.346099 -0.018224 
278 0.038696 0.000000 0.031801 98.448848 0.000000 1.903815 0.030420 
279 0.001709 0.000000 -0.017057 98.486369 0.000000 2.538463 0.029399 
280 -0.022949 0.000000 -0.017057 98.506172 0.000000 2.864899 0.028833 
281 0.001709 0.000000 -0.041486 98.477616 0.000000 2.495313 0.029593 
282 0.014038 0.000000 -0.004842 99.943441 0.000000 16.216636 -0.025167 
283 0.001709 0.000000 -0.004842 98.489391 0.000000 2.547497 0.029335 
284 0.014038 0.000000 -0.017057 98.473616 0.000000 2.348180 0.029743 
285 0.026367 0.000000 -0.004842 100.129575 0.000000 11.396223 -0.015581 
286 0.014038 0.000000 0.007372 100.593370 0.000000 19.767378 -0.050978 
287 2.097656 0.000000 0.398235 99.704900 0.000000 8.498936 -0.001330 
288 2.097656 0.000000 0.007372 99.532992 0.000000 8.307697 0.002417 
289 2.492188 0.000000 0.398235 99.666925 0.000000 8.588991 -0.000727 
290 2.097656 0.000000 0.789097 99.802154 0.000000 9.106483 -0.004340 
291 2.097656 0.000000 -0.383490 99.296268 0.000000 8.873178 0.006152 
292 2.097656 0.000000 -0.774353 99.103238 0.000000 9.459970 0.008906 
293 2.492188 0.000000 -0.383490 99.377472 0.000000 9.071704 0.004182 
294 0.149658 0.000000 -0.017057 98.197475 0.000000 -0.554721 0.035695 
295 0.125000 0.000000 -0.017057 98.263663 0.000000 0.023436 0.034425 
296 0.149658 0.000000 -0.041486 98.192257 0.000000 -0.543546 0.035799 
297 0.248291 0.000000 0.031801 97.943248 0.000000 -2.480063 0.040097 
298 0.272949 0.000000 0.031801 97.890937 0.000000 -2.806239 0.040949 
299 0.248291 0.000000 0.056230 97.953272 0.000000 -2.421945 0.039929 
300 0.100342 0.000000 -0.017057 98.324398 0.000000 0.601338 0.033195 
301 0.100342 0.000000 -0.041486 98.316778 0.000000 0.590411 0.033346 
302 0.014038 0.000000 0.019586 98.479953 0.000000 2.349200 0.029618 
303 0.001709 0.000000 0.019586 98.492519 0.000000 2.539530 0.029277 
304 0.014038 0.000000 0.031801 98.480092 0.000000 2.333310 0.029623 
305 0.038696 0.000000 -0.004842 100.069833 0.000000 8.153241 -0.008045 
306 0.038696 0.000000 -0.017057 98.441859 0.000000 1.916333 0.030553 
307 0.051025 0.000000 -0.004842 99.852201 0.000000 5.375682 0.000064 
1 7 12 10 11 
2 12 2 13 10 
3 1 17 15 16 
4 17 7 11 15 
5 19 21 3 22 
6 20 19 22 9 
7 11 25 23 24 
8 25 10 26 23 
9 28 20 9 30 
10 29 28 30 4 
11 15 33 31 32 
12 33 11 24 31 
13 35 37 19 38 
14 36 35 38 20 
15 24 41 39 40 
16 41 23 42 39 
17 44 36 20 46 
18 45 44 46 28 
19 31 49 47 48 
20 49 24 40 47 
21 51 53 35 54 
22 52 51 54 36 
23 40 57 55 56 
24 57 39 58 55 
25 60 52 36 62 
26 61 60 62 44 
27 47 65 63 64 
28 65 40 56 63 
29 67 69 51 70 
30 68 67 70 52 
31 56 73 71 72 
32 73 55 74 71 
33 76 68 52 78 
34 77 76 78 60 
35 63 81 79 80 
36 81 56 72 79 
37 83 85 67 86 
38 84 83 86 68 
39 72 89 87 88 
40 89 71 90 87 
41 92 84 68 94 
42 93 92 94 76 
43 79 97 95 96 
44 97 72 88 95 
45 99 101 83 102 
46 100 99 102 84 
47 88 105 103 104 
48 105 87 106 103 
49 10 109 108 26 
50 109 13 110 108 
51 108 110 8 111 
52 26 108 111 14 
53 23 113 112 42 
54 113 26 114 112 
55 112 114 14 115 
56 42 112 115 27 
57 39 117 116 58 
58 117 42 118 116 
59 116 118 27 119 
60 55 121 120 74 
61 121 58 122 120 
62 120 122 43 123 
63 74 120 123 59 
64 71 125 124 90 
65 125 74 126 124 
66 124 126 59 127 
67 90 124 127 75 
68 87 129 128 106 
69 129 90 130 128 
70 128 130 75 131 
71 106 128 131 91 
72 132 100 84 134 
73 133 132 134 92 
74 135 137 99 138 
75 136 135 138 100 
76 103 141 139 140 
77 141 106 142 139 
78 139 142 91 143 
79 95 146 144 145 
80 146 88 104 144 
81 104 150 148 149 
82 150 103 140 148 
83 14 111 152 37 
84 111 8 153 152 
85 152 153 21 154 
86 37 152 154 19 
87 27 115 155 53 
88 115 14 156 155 
89 155 156 37 157 
90 53 155 157 35 
91 119 27 159 158 
92 158 159 53 160 
93 69 158 160 51 
94 59 123 161 85 
95 123 43 162 161 
96 161 162 69 163 
97 85 161 163 67 
98 75 127 164 101 
99 127 59 165 164 
100 164 165 85 166 
101 101 164 166 83 
102 91 131 167 137 
103 131 75 168 167 
104 167 168 101 169 
105 137 167 169 99 
106 143 91 172 170 
107 170 172 137 173 
108 171 170 173 135 
109 140 176 174 175 
110 176 139 177 174 
111 174 177 143 178 
112 175 174 178 107 
113 179 136 100 181 
114 180 179 181 132 
115 182 171 135 184 
116 183 182 184 136 
117 187 107 188 185 
118 185 188 171 189 
119 186 185 189 182 
120 190 183 136 193 
121 191 190 193 179 
122 5 196 194 195 
123 196 151 186 194 
124 194 186 182 197 
125 195 194 197 183 
126 148 200 198 199 
127 200 140 175 198 
128 198 175 107 187 
129 199 198 187 151 
130 151 203 201 202 
131 203 187 204 201 
132 201 204 185 205 
133 202 201 205 186 
134 144 208 206 207 
135 208 104 149 206 
136 192 211 209 210 
137 211 5 195 209 
138 209 195 183 212 
139 210 209 212 190 
140 6 215 213 214 
141 215 18 45 213 
142 213 45 28 216 
143 214 213 216 29 
144 18 219 217 218 
145 219 34 61 217 
146 217 61 44 220 
147 218 217 220 45 
148 34 223 221 222 
149 223 50 77 221 
150 221 77 60 224 
151 222 221 224 61 
152 50 227 225 226 
153 227 66 93 225 
154 225 93 76 228 
155 226 225 228 77 
156 66 231 229 230 
157 231 82 133 229 
158 229 133 92 232 
159 230 229 232 93 
160 82 235 233 234 
161 235 98 180 233 
162 233 180 132 236 
163 234 233 236 133 
164 98 239 237 238 
165 237 191 179 240 
166 238 237 240 180 
167 243 192 210 241 
168 241 210 190 244 
169 242 241 244 191 
170 16 247 245 246 
171 247 15 32 245 
172 245 32 18 215 
173 246 245 215 6 
174 32 250 248 249 
175 250 31 48 248 
176 248 48 34 219 
177 249 248 219 18 
178 48 253 251 252 
179 253 47 64 251 
180 251 64 50 223 
181 252 251 223 34 
182 64 256 254 255 
183 256 63 80 254 
184 254 80 66 227 
185 255 254 227 50 
186 80 259 257 258 
187 259 79 96 257 
188 257 96 82 231 
189 258 257 231 66 
190 96 262 260 261 
191 262 95 145 260 
192 260 145 98 235 
193 261 260 235 82 
194 145 265 263 264 
195 265 144 207 263 
196 264 263 239 98 
197 239 268 266 267 
198 266 242 191 269 
199 267 266 269 237 
200 207 272 270 271 
201 272 206 273 270 
202 270 273 192 243 
203 147 276 274 275 
204 276 243 277 274 
205 274 277 241 278 
206 275 274 278 242 
207 263 281 279 280 
208 281 207 271 279 
209 280 279 268 239 
210 279 284 282 283 
211 284 271 285 282 
212 282 285 147 286 
213 283 282 286 268 
214 43 288 287 162 
215 288 119 289 287 
216 287 289 158 290 
217 162 287 290 69 
218 58 292 291 122 
219 292 116 293 291 
220 291 293 119 288 
221 122 291 288 43 
222 149 296 294 295 
223 296 148 199 294 
224 294 199 151 196 
225 295 294 196 5 
226 107 178 297 188 
227 178 143 298 297 
228 297 298 170 299 
229 188 297 299 171 
230 206 301 300 273 
231 301 149 295 300 
232 300 295 5 211 
233 273 300 211 192 
234 268 286 302 303 
235 286 147 275 302 
236 302 275 242 304 
237 303 302 304 266 
238 271 306 305 285 
239 306 270 307 305 
240 305 307 243 276 
241 285 305 276 147 
