2 0.000000 100.000000 1057.418842
307 241 
1 -12.500000 0.000000 -12.500228 99.528527 0.000000 9.587073 0.000216 
2 12.750000 0.000000 -12.500228 99.532135 0.000000 9.526223 0.000261 
3 12.750000 0.000000 12.514972 99.558072 0.000000 9.502275 -0.000210 
4 -12.500000 0.000000 12.514972 99.552418 0.000000 9.586411 -0.000258 
5 0.125000 0.000000 0.007372 100.130715 0.000000 0.409305 -0.002633 
6 -12.500000 0.000000 0.007372 99.540983 0.000000 9.601393 -0.000059 
7 0.125000 0.000000 -12.500228 99.508511 0.000000 9.553759 0.000678 
8 12.750000 0.000000 0.007372 99.716935 0.000000 7.705331 -0.000284 
9 0.125000 0.000000 12.514972 99.576556 0.000000 9.548447 -0.000666 
10 6.437500 0.000000 -6.246428 99.509053 0.000000 9.365663 0.001023 
11 0.125000 0.000000 -6.246428 99.416403 0.000000 9.468943 0.002672 
12 6.437500 0.000000 -12.500228 99.519396 0.000000 9.530265 0.000506 
13 12.750000 0.000000 -6.246428 99.543649 0.000000 9.393481 0.000282 
14 6.437500 0.000000 0.007372 99.774623 0.000000 6.962877 -0.000346 
15 -6.187500 0.000000 -6.246428 99.495883 0.000000 9.594665 0.000851 
16 -12.500000 0.000000 -6.246428 99.528854 0.000000 9.594822 0.000195 
17 -6.187500 0.000000 -12.500228 99.516941 0.000000 9.579128 0.000462 
18 -6.187500 0.000000 0.007372 99.544297 0.000000 9.650389 -0.000220 
19 6.437500 0.000000 6.261172 99.607964 0.000000 9.292863 -0.000810 
20 0.125000 0.000000 6.261172 99.682644 0.000000 9.451517 -0.002596 
21 12.750000 0.000000 6.261172 99.582385 0.000000 9.235594 -0.000195 
22 6.437500 0.000000 12.514972 99.568685 0.000000 9.517336 -0.000450 
23 3.281250 0.000000 -3.119528 99.416568 0.000000 8.892079 0.003728 
24 0.125000 0.000000 -3.119528 99.124587 0.000000 9.233855 0.008905 
25 3.281250 0.000000 -6.246428 99.460813 0.000000 9.380302 0.001956 
26 6.437500 0.000000 -3.119528 99.543564 0.000000 8.956022 0.001087 
27 3.281250 0.000000 0.007372 99.778302 0.000000 6.389989 0.000346 
28 -6.187500 0.000000 6.261172 99.589467 0.000000 9.592386 -0.001008 
29 -12.500000 0.000000 6.261172 99.552744 0.000000 9.594307 -0.000280 
30 -6.187500 0.000000 12.514972 99.565479 0.000000 9.577310 -0.000501 
31 -3.031250 0.000000 -3.119528 99.375166 0.000000 9.624761 0.003194 
32 -6.187500 0.000000 -3.119528 99.497455 0.000000 9.625085 0.000761 
33 -3.031250 0.000000 -6.246428 99.451496 0.000000 9.564669 0.001792 
34 -3.031250 0.000000 0.007372 99.553121 0.000000 9.824520 -0.000735 
35 3.281250 0.000000 3.134272 99.760396 0.000000 8.748276 -0.002867 
36 0.125000 0.000000 3.134272 100.007353 0.000000 9.196342 -0.008604 
37 6.437500 0.000000 3.134272 99.663346 0.000000 8.642968 -0.000748 
38 3.281250 0.000000 6.261172 99.648584 0.000000 9.341119 -0.001710 
39 1.703125 0.000000 -1.556078 99.087419 0.000000 7.980575 0.011799 
40 0.125000 0.000000 -1.556078 98.329866 0.000000 8.833674 0.025320 
41 1.703125 0.000000 -3.119528 99.254211 0.000000 8.957836 0.006836 
42 3.281250 0.000000 -1.556078 99.478853 0.000000 8.099786 0.003835 
43 1.703125 0.000000 0.007372 99.717479 0.000000 5.753662 0.002332 
44 -3.031250 0.000000 3.134272 99.724142 0.000000 9.618083 -0.003741 
45 -6.187500 0.000000 3.134272 99.589996 0.000000 9.623369 -0.001078 
46 -3.031250 0.000000 6.261172 99.638776 0.000000 9.558684 -0.001925 
47 -1.453125 0.000000 -1.556078 99.012379 0.000000 9.767427 0.010115 
48 -3.031250 0.000000 -1.556078 99.387020 0.000000 9.735210 0.002745 
49 -1.453125 0.000000 -3.119528 99.226924 0.000000 9.525518 0.006328 
50 -1.453125 0.000000 0.007372 99.567278 0.000000 10.392789 -0.002165 
51 1.703125 0.000000 1.570822 100.155877 0.000000 7.830958 -0.009252 
52 0.125000 0.000000 1.570822 100.849282 0.000000 8.785364 -0.024776 
53 3.281250 0.000000 1.570822 99.817085 0.000000 7.786692 -0.002408 
54 1.703125 0.000000 3.134272 99.901345 0.000000 8.877246 -0.005908 
55 0.914062 0.000000 -0.774353 98.294000 0.000000 6.727980 0.029302 
56 0.125000 0.000000 -0.774353 96.647472 0.000000 8.391206 0.058885 
57 0.914062 0.000000 -1.556078 98.658390 0.000000 8.169176 0.019979 
58 1.703125 0.000000 -0.774353 99.198578 0.000000 6.957590 0.011123 
59 0.914062 0.000000 0.007372 99.662436 0.000000 4.409550 0.004795 
60 -1.453125 0.000000 1.570822 100.114300 0.000000 9.754410 -0.011802 
61 -3.031250 0.000000 1.570822 99.717158 0.000000 9.730594 -0.003820 
62 -1.453125 0.000000 3.134272 99.885002 0.000000 9.509857 -0.006745 
63 -0.664062 0.000000 -0.774353 98.131329 0.000000 10.288274 0.026439 
64 -1.453125 0.000000 -0.774353 99.071383 0.000000 10.127552 0.008229 
65 -0.664062 0.000000 -1.556078 98.593500 0.000000 9.536812 0.018837 
66 -0.664062 0.000000 0.007372 99.577681 0.000000 11.901708 -0.005737 
67 0.914062 0.000000 0.789097 100.976751 0.000000 6.635401 -0.024033 
68 0.125000 0.000000 0.789097 102.572882 0.000000 8.356938 -0.059103 
69 1.703125 0.000000 0.789097 100.130008 0.000000 6.776265 -0.007194 
70 0.914062 0.000000 1.570822 100.553633 0.000000 8.078874 -0.017630 
71 0.519531 0.000000 -0.383490 96.688392 0.000000 4.868591 0.062765 
72 0.125000 0.000000 -0.383490 98.115696 0.000000 -0.067794 0.037331 
73 0.519531 0.000000 -0.774353 97.352169 0.000000 7.080690 0.047242 
74 0.914062 0.000000 -0.383490 98.540800 0.000000 5.394475 0.026061 
75 0.519531 0.000000 0.007372 97.007624 0.000000 -15.326325 0.035462 
76 -0.664062 0.000000 0.789097 101.029702 0.000000 10.276795 -0.031261 
77 -1.453125 0.000000 0.789097 100.061482 0.000000 10.120292 -0.011472 
78 -0.664062 0.000000 1.570822 100.555191 0.000000 9.512558 -0.020184 
79 -0.269531 0.000000 -0.383490 96.214568 0.000000 11.615018 0.060785 
80 -0.664062 0.000000 -0.383490 98.329062 0.000000 11.217575 0.020556 
81 -0.269531 0.000000 -0.774353 97.184511 0.000000 9.817834 0.045878 
82 -0.269531 0.000000 0.007372 99.633922 0.000000 15.298761 -0.016097 
83 0.519531 0.000000 0.398235 102.571397 0.000000 4.801014 -0.054394 
84 0.125000 0.000000 0.398235 98.162095 0.000000 -0.066654 0.036420 
85 0.914062 0.000000 0.398235 100.762456 0.000000 5.318960 -0.018136 
86 0.519531 0.000000 0.789097 101.892288 0.000000 7.016579 -0.043127 
87 0.322266 0.000000 -0.188059 97.885707 0.000000 -2.522430 0.041203 
88 0.125000 0.000000 -0.188059 98.148871 0.000000 -0.068709 0.036679 
89 0.322266 0.000000 -0.383490 96.288760 0.000000 -18.639134 0.038106 
90 0.519531 0.000000 -0.188059 96.181329 0.000000 -18.949590 0.039007 
91 0.322266 0.000000 0.007372 97.818395 0.000000 -3.367093 0.042022 
92 -0.269531 0.000000 0.398235 102.964235 0.000000 11.629793 -0.073689 
93 -0.664062 0.000000 0.398235 100.830201 0.000000 11.215202 -0.029251 
94 -0.269531 0.000000 0.789097 102.001470 0.000000 9.802562 -0.050039 
95 -0.072266 0.000000 -0.188059 98.313265 0.000000 2.378252 0.032885 
96 -0.269531 0.000000 -0.188059 99.377018 0.000000 18.621176 -0.022254 
97 -0.072266 0.000000 -0.383490 99.426466 0.000000 18.353372 -0.022247 
98 -0.072266 0.000000 0.007372 98.392093 0.000000 3.217110 0.030865 
99 0.322266 0.000000 0.202803 97.931378 0.000000 -2.447034 0.040346 
100 0.125000 0.000000 0.202803 98.196222 0.000000 -0.067524 0.035750 
101 0.519531 0.000000 0.202803 96.218075 0.000000 -18.850136 0.038675 
102 0.322266 0.000000 0.398235 96.857857 0.000000 -16.406512 0.034938 
103 0.223633 0.000000 -0.090344 97.981042 0.000000 -1.999906 0.039572 
104 0.125000 0.000000 -0.090344 98.179925 0.000000 -0.068988 0.036070 
105 0.223633 0.000000 -0.188059 98.002022 0.000000 -1.554439 0.039319 
106 0.322266 0.000000 -0.090344 97.832469 0.000000 -3.118401 0.041908 
107 0.223633 0.000000 0.007372 97.820281 0.000000 -15.928869 0.017746 
108 9.593750 0.000000 -3.119528 99.569982 0.000000 9.039399 0.000411 
109 9.593750 0.000000 -6.246428 99.533346 0.000000 9.377401 0.000518 
110 12.750000 0.000000 -3.119528 99.575117 0.000000 9.103982 0.000191 
111 9.593750 0.000000 0.007372 99.744797 0.000000 7.382842 -0.000353 
112 4.859375 0.000000 -1.556078 99.580868 0.000000 8.239180 0.001577 
113 4.859375 0.000000 -3.119528 99.501057 0.000000 8.912919 0.002010 
114 6.437500 0.000000 -1.556078 99.613005 0.000000 8.353705 0.000746 
115 4.859375 0.000000 0.007372 99.784037 0.000000 6.712604 -0.000191 
116 2.492188 0.000000 -0.774353 99.484853 0.000000 7.218484 0.005066 
117 2.492188 0.000000 -1.556078 99.349637 0.000000 8.022812 0.006528 
118 3.281250 0.000000 -0.774353 99.592229 0.000000 7.399802 0.002663 
119 2.492188 0.000000 0.007372 99.760469 0.000000 6.166785 0.000982 
120 1.308594 0.000000 -0.383490 99.157549 0.000000 5.941935 0.013247 
121 1.308594 0.000000 -0.774353 98.876639 0.000000 6.800544 0.017716 
122 1.703125 0.000000 -0.383490 99.409850 0.000000 6.286398 0.007816 
123 1.308594 0.000000 0.007372 99.694754 0.000000 5.328254 0.003257 
124 0.716797 0.000000 -0.188059 98.477202 0.000000 3.982628 0.028638 
125 0.716797 0.000000 -0.383490 97.874539 0.000000 5.057330 0.039500 
126 0.914062 0.000000 -0.188059 98.999088 0.000000 4.724407 0.017686 
127 0.716797 0.000000 0.007372 99.637464 0.000000 3.443169 0.006052 
128 0.420898 0.000000 -0.090344 97.782814 0.000000 -3.389437 0.042703 
129 0.420898 0.000000 -0.188059 97.627629 0.000000 -11.703943 0.033186 
130 0.519531 0.000000 -0.090344 96.631707 0.000000 -17.115331 0.036938 
131 0.420898 0.000000 0.007372 97.768807 0.000000 -3.583446 0.042842 
132 -0.072266 0.000000 0.202803 98.344887 0.000000 2.305869 0.032297 
133 -0.269531 0.000000 0.202803 99.394451 0.000000 18.539616 -0.022297 
134 -0.072266 0.000000 0.398235 99.631321 0.000000 16.354658 -0.019387 
135 0.223633 0.000000 0.105088 98.015743 0.000000 -1.953852 0.038910 
136 0.125000 0.000000 0.105088 98.211970 0.000000 -0.068174 0.035440 
137 0.322266 0.000000 0.105088 97.863321 0.000000 -3.058461 0.041342 
138 0.223633 0.000000 0.202803 98.052118 0.000000 -1.500652 0.038353 
139 0.272949 0.000000 -0.041486 97.883752 0.000000 -2.868917 0.041054 
140 0.223633 0.000000 -0.041486 97.978110 0.000000 -2.150582 0.039566 
141 0.272949 0.000000 -0.090344 97.894406 0.000000 -2.682701 0.040949 
142 0.322266 0.000000 -0.041486 97.817928 0.000000 -3.309656 0.042070 
143 0.272949 0.000000 0.007372 97.886200 0.000000 -2.925465 0.040973 
144 0.026367 0.000000 -0.090344 98.317042 0.000000 1.857368 0.033031 
145 -0.072266 0.000000 -0.090344 98.363391 0.000000 2.969759 0.031582 
146 0.026367 0.000000 -0.188059 98.260885 0.000000 1.414398 0.034280 
147 0.026367 0.000000 0.007372 100.479202 0.000000 15.178924 -0.032647 
148 0.174316 0.000000 -0.041486 98.088655 0.000000 -1.183099 0.037722 
149 0.125000 0.000000 -0.041486 98.195869 0.000000 -0.068947 0.035757 
150 0.174316 0.000000 -0.090344 98.081702 0.000000 -1.098456 0.037877 
151 0.174316 0.000000 0.007372 99.565293 0.000000 -5.491281 0.005660 
152 9.593750 0.000000 3.134272 99.651694 0.000000 8.530081 -0.000322 
153 12.750000 0.000000 3.134272 99.659728 0.000000 8.380108 -0.000229 
154 9.593750 0.000000 6.261172 99.588942 0.000000 9.264127 -0.000378 
155 4.859375 0.000000 1.570822 99.752373 0.000000 7.723705 -0.001019 
156 6.437500 0.000000 1.570822 99.742655 0.000000 7.617545 -0.000662 
157 4.859375 0.000000 3.134272 99.693432 0.000000 8.689804 -0.001429 
158 2.492188 0.000000 0.789097 99.893305 0.000000 6.911601 -0.002644 
159 3.281250 0.000000 0.789097 99.825125 0.000000 6.940356 -0.001322 
160 2.492188 0.000000 1.570822 99.921502 0.000000 7.797915 -0.004511 
161 1.308594 0.000000 0.398235 100.193172 0.000000 5.820824 -0.007255 
162 1.703125 0.000000 0.398235 99.978072 0.000000 6.109373 -0.003294 
163 1.308594 0.000000 0.789097 100.424005 0.000000 6.668999 -0.012946 
164 0.716797 0.000000 0.202803 100.800302 0.000000 3.939914 -0.017622 
165 0.914062 0.000000 0.202803 100.318820 0.000000 4.675769 -0.008573 
166 0.716797 0.000000 0.398235 101.402881 0.000000 4.992389 -0.030747 
167 0.420898 0.000000 0.105088 97.876843 0.000000 -4.825056 0.039684 
168 0.519531 0.000000 0.105088 96.654387 0.000000 -17.050092 0.036722 
169 0.420898 0.000000 0.202803 97.675001 0.000000 -11.551165 0.032616 
170 0.272949 0.000000 0.056230 97.902316 0.000000 -2.835412 0.040710 
171 0.223633 0.000000 0.056230 97.997317 0.000000 -2.123486 0.039202 
172 0.322266 0.000000 0.056230 97.834852 0.000000 -3.275249 0.041761 
173 0.272949 0.000000 0.105088 97.928004 0.000000 -2.625198 0.040321 
174 0.248291 0.000000 -0.017057 97.928323 0.000000 -2.587831 0.040335 
175 0.223633 0.000000 -0.017057 97.979775 0.000000 -2.188529 0.039517 
176 0.248291 0.000000 -0.041486 97.927880 0.000000 -2.544508 0.040366 
177 0.272949 0.000000 -0.017057 97.883183 0.000000 -2.915487 0.041038 
178 0.248291 0.000000 0.007372 97.931769 0.000000 -2.597141 0.040262 
179 0.026367 0.000000 0.105088 98.343159 0.000000 1.813362 0.032533 
180 -0.072266 0.000000 0.105088 98.383063 0.000000 2.912169 0.031229 
181 0.026367 0.000000 0.202803 98.301001 0.000000 1.363322 0.033505 
182 0.174316 0.000000 0.056230 98.107443 0.000000 -1.167754 0.037357 
183 0.125000 0.000000 0.056230 98.213450 0.000000 -0.068497 0.035411 
184 0.174316 0.000000 0.105088 98.115750 0.000000 -1.072474 0.037215 
185 0.198975 0.000000 0.031801 98.045347 0.000000 -1.712279 0.038418 
186 0.174316 0.000000 0.031801 99.156917 0.000000 -3.042470 0.015865 
187 0.198975 0.000000 0.007372 98.960881 0.000000 -9.185768 0.012237 
188 0.223633 0.000000 0.031801 97.989643 0.000000 -2.174386 0.039330 
189 0.198975 0.000000 0.056230 98.051630 0.000000 -1.671341 0.038308 
190 0.075684 0.000000 0.056230 98.298323 0.000000 1.029289 0.033638 
191 0.026367 0.000000 0.056230 98.354216 0.000000 1.981449 0.032252 
192 0.075684 0.000000 0.007372 100.410511 0.000000 5.641687 -0.011410 
193 0.075684 0.000000 0.105088 98.290104 0.000000 0.934932 0.033818 
194 0.149658 0.000000 0.031801 99.702873 0.000000 -2.167821 0.005464 
195 0.125000 0.000000 0.031801 99.906041 0.000000 0.398573 0.001862 
196 0.149658 0.000000 0.007372 99.922363 0.000000 -2.389637 0.000981 
197 0.149658 0.000000 0.056230 98.162185 0.000000 -0.627554 0.036379 
198 0.198975 0.000000 -0.017057 98.035528 0.000000 -1.723660 0.038606 
199 0.174316 0.000000 -0.017057 98.093042 0.000000 -1.204477 0.037630 
200 0.198975 0.000000 -0.041486 98.032512 0.000000 -1.693130 0.038676 
201 0.186646 0.000000 0.019586 99.471262 0.000000 -6.640094 0.006138 
202 0.174316 0.000000 0.019586 99.579544 0.000000 -5.408459 0.005466 
203 0.186646 0.000000 0.007372 99.532391 0.000000 -7.200812 0.004145 
204 0.198975 0.000000 0.019586 98.950213 0.000000 -8.537666 0.013596 
205 0.186646 0.000000 0.031801 98.845679 0.000000 -5.035357 0.020418 
206 0.075684 0.000000 -0.041486 98.282372 0.000000 1.043651 0.033949 
207 0.026367 0.000000 -0.041486 98.340065 0.000000 2.007373 0.032520 
208 0.075684 0.000000 -0.090344 98.260846 0.000000 0.959158 0.034389 
209 0.100342 0.000000 0.031801 99.571722 0.000000 1.561920 0.008303 
210 0.075684 0.000000 0.031801 99.591441 0.000000 3.392433 0.007004 
211 0.100342 0.000000 0.007372 100.278531 0.000000 3.021407 -0.006491 
212 0.100342 0.000000 0.056230 98.259274 0.000000 0.490177 0.034487 
213 -9.343750 0.000000 3.134272 99.558452 0.000000 9.607755 -0.000419 
214 -12.500000 0.000000 3.134272 99.548511 0.000000 9.599119 -0.000205 
215 -9.343750 0.000000 0.007372 99.541921 0.000000 9.614334 -0.000103 
216 -9.343750 0.000000 6.261172 99.564169 0.000000 9.596185 -0.000511 
217 -4.609375 0.000000 1.570822 99.611647 0.000000 9.680108 -0.001618 
218 -6.187500 0.000000 1.570822 99.573358 0.000000 9.641744 -0.000782 
219 -4.609375 0.000000 0.007372 99.547145 0.000000 9.704638 -0.000381 
220 -4.609375 0.000000 3.134272 99.632339 0.000000 9.630465 -0.001935 
221 -2.242188 0.000000 0.789097 99.764285 0.000000 9.911876 -0.005116 
222 -3.031250 0.000000 0.789097 99.654964 0.000000 9.795091 -0.002706 
223 -2.242188 0.000000 0.007372 99.558490 0.000000 9.989739 -0.001169 
224 -2.242188 0.000000 1.570822 99.849536 0.000000 9.762949 -0.006525 
225 -1.058594 0.000000 0.398235 100.139919 0.000000 10.655515 -0.014154 
226 -1.453125 0.000000 0.398235 99.869027 0.000000 10.312418 -0.008017 
227 -1.058594 0.000000 0.007372 99.572893 0.000000 10.862851 -0.003276 
228 -1.058594 0.000000 0.789097 100.399432 0.000000 10.242846 -0.018496 
229 -0.466797 0.000000 0.202803 100.956945 0.000000 12.534592 -0.034942 
230 -0.664062 0.000000 0.202803 100.335643 0.000000 11.694901 -0.020401 
231 -0.466797 0.000000 0.007372 99.577562 0.000000 13.044743 -0.008586 
232 -0.466797 0.000000 0.398235 101.597400 0.000000 11.545542 -0.045533 
233 -0.170898 0.000000 0.105088 98.802182 0.000000 5.008499 0.021304 
234 -0.269531 0.000000 0.105088 99.645899 0.000000 15.215398 -0.016081 
235 -0.170898 0.000000 0.007372 98.380668 0.000000 3.432932 0.030946 
236 -0.170898 0.000000 0.202803 99.600125 0.000000 9.925115 -0.001869 
237 -0.022949 0.000000 0.056230 98.383097 0.000000 2.689506 0.031353 
238 -0.072266 0.000000 0.056230 98.392386 0.000000 3.126635 0.030916 
239 -0.022949 0.000000 0.007372 98.382813 0.000000 2.778272 0.031310 
240 -0.022949 0.000000 0.105088 98.372191 0.000000 2.481395 0.031675 
241 0.051025 0.000000 0.031801 99.546517 0.000000 4.907392 0.006641 
242 0.026367 0.000000 0.031801 98.355437 0.000000 2.031749 0.032208 
243 0.051025 0.000000 0.007372 100.472791 0.000000 8.795619 -0.017214 
244 0.051025 0.000000 0.056230 98.329963 0.000000 1.531246 0.032887 
245 -9.343750 0.000000 -3.119528 99.525100 0.000000 9.608391 0.000243 
246 -12.500000 0.000000 -3.119528 99.533351 0.000000 9.599417 0.000096 
247 -9.343750 0.000000 -6.246428 99.518714 0.000000 9.597195 0.000392 
248 -4.609375 0.000000 -1.556078 99.481824 0.000000 9.682040 0.000962 
249 -6.187500 0.000000 -1.556078 99.514920 0.000000 9.642721 0.000380 
250 -4.609375 0.000000 -3.119528 99.459237 0.000000 9.633677 0.001505 
251 -2.242188 0.000000 -0.774353 99.351562 0.000000 9.916069 0.003094 
252 -3.031250 0.000000 -0.774353 99.450647 0.000000 9.797609 0.001358 
253 -2.242188 0.000000 -1.556078 99.263663 0.000000 9.770562 0.005126 
254 -1.058594 0.000000 -0.383490 99.005999 0.000000 10.659703 0.008418 
255 -1.453125 0.000000 -0.383490 99.266100 0.000000 10.312529 0.003989 
256 -1.058594 0.000000 -0.774353 98.745434 0.000000 10.252181 0.014423 
257 -0.466797 0.000000 -0.188059 98.201825 0.000000 12.530565 0.019939 
258 -0.664062 0.000000 -0.188059 98.820963 0.000000 11.695144 0.009764 
259 -0.466797 0.000000 -0.383490 97.569408 0.000000 11.543251 0.034696 
260 -0.170898 0.000000 -0.090344 98.361243 0.000000 3.239986 0.031457 
261 -0.269531 0.000000 -0.090344 99.532694 0.000000 16.971396 -0.019479 
262 -0.170898 0.000000 -0.188059 99.666215 0.000000 11.738850 -0.007116 
263 -0.022949 0.000000 -0.041486 98.370789 0.000000 2.721683 0.031578 
264 -0.072266 0.000000 -0.041486 98.381881 0.000000 3.159690 0.031102 
265 -0.022949 0.000000 -0.090344 98.349324 0.000000 2.536599 0.032098 
266 0.001709 0.000000 0.031801 98.372996 0.000000 2.426902 0.031686 
267 -0.022949 0.000000 0.031801 98.384459 0.000000 2.751356 0.031293 
268 0.001709 0.000000 0.007372 98.371193 0.000000 2.451927 0.031710 
269 0.001709 0.000000 0.056230 98.371630 0.000000 2.369430 0.031741 
270 0.051025 0.000000 -0.017057 98.323128 0.000000 1.582524 0.033006 
271 0.026367 0.000000 -0.017057 98.348209 0.000000 2.045285 0.032345 
272 0.051025 0.000000 -0.041486 98.314901 0.000000 1.551963 0.033177 
273 0.075684 0.000000 -0.017057 98.290409 0.000000 1.065119 0.033786 
274 0.038696 0.000000 0.019586 100.265434 0.000000 8.972493 -0.013366 
275 0.026367 0.000000 0.019586 99.712179 0.000000 7.747216 -0.000254 
276 0.038696 0.000000 0.007372 100.840354 0.000000 12.161687 -0.031668 
277 0.051025 0.000000 0.019586 100.321135 0.000000 8.294434 -0.013313 
278 0.038696 0.000000 0.031801 98.344061 0.000000 1.809270 0.032517 
279 0.001709 0.000000 -0.017057 98.366245 0.000000 2.442427 0.031812 
280 -0.022949 0.000000 -0.017057 98.378184 0.000000 2.768109 0.031407 
281 0.001709 0.000000 -0.041486 98.358400 0.000000 2.399199 0.031987 
282 0.014038 0.000000 -0.004842 99.335197 0.000000 16.047435 -0.012500 
283 0.001709 0.000000 -0.004842 98.369101 0.000000 2.451511 0.031751 
284 0.014038 0.000000 -0.017057 98.358054 0.000000 2.252548 0.032062 
285 0.026367 0.000000 -0.004842 99.730330 0.000000 11.293500 -0.007368 
286 0.014038 0.000000 0.007372 99.874247 0.000000 19.595585 -0.035885 
287 2.097656 0.000000 0.398235 99.887393 0.000000 6.268395 -0.001678 
288 2.097656 0.000000 0.007372 99.738553 0.000000 6.003856 0.001617 
289 2.492188 0.000000 0.398235 99.848969 0.000000 6.353757 -0.001019 
290 2.097656 0.000000 0.789097 99.981196 0.000000 6.847400 -0.004313 
291 2.097656 0.000000 -0.383490 99.537878 0.000000 6.523018 0.004966 
292 2.097656 0.000000 -0.774353 99.373240 0.000000 7.087299 0.007473 
293 2.492188 0.000000 -0.383490 99.611023 0.000000 6.693205 0.003285 
294 0.149658 0.000000 -0.017057 98.149588 0.000000 -0.646628 0.036624 
295 0.125000 0.000000 -0.017057 98.202606 0.000000 -0.068874 0.035624 
296 0.149658 0.000000 -0.041486 98.143927 0.000000 -0.635653 0.036737 
297 0.248291 0.000000 0.031801 97.938096 0.000000 -2.571651 0.040152 
298 0.272949 0.000000 0.031801 97.892716 0.000000 -2.898043 0.040862 
299 0.248291 0.000000 0.056230 97.946904 0.000000 -2.513476 0.040009 
300 0.100342 0.000000 -0.017057 98.250015 0.000000 0.508461 0.034668 
301 0.100342 0.000000 -0.041486 98.242474 0.000000 0.497354 0.034817 
302 0.014038 0.000000 0.019586 98.364501 0.000000 2.253746 0.031935 
303 0.001709 0.000000 0.019586 98.372495 0.000000 2.443665 0.031688 
304 0.014038 0.000000 0.031801 98.365044 0.000000 2.237923 0.031931 
305 0.038696 0.000000 -0.004842 99.808603 0.000000 8.081379 -0.002707 
306 0.038696 0.000000 -0.017057 98.336597 0.000000 1.821536 0.032660 
307 0.051025 0.000000 -0.004842 99.689674 0.000000 5.315914 0.003371 
1 7 12 10 11 
2 12 2 13 10 
3 1 17 15 16 
4 17 7 11 15 
5 19 21 3 22 
6 20 19 22 9 
7 11 25 23 24 
8 25 10 26 23 
9 28 20 9 30 
10 29 28 30 4 
11 15 33 31 32 
12 33 11 24 31 
13 35 37 19 38 
14 36 35 38 20 
15 24 41 39 40 
16 41 23 42 39 
17 44 36 20 46 
18 45 44 46 28 
19 31 49 47 48 
20 49 24 40 47 
21 51 53 35 54 
22 52 51 54 36 
23 40 57 55 56 
24 57 39 58 55 
25 60 52 36 62 
26 61 60 62 44 
27 47 65 63 64 
28 65 40 56 63 
29 67 69 51 70 
30 68 67 70 52 
31 56 73 71 72 
32 73 55 74 71 
33 76 68 52 78 
34 77 76 78 60 
35 63 81 79 80 
36 81 56 72 79 
37 83 85 67 86 
38 84 83 86 68 
39 72 89 87 88 
40 89 71 90 87 
41 92 84 68 94 
42 93 92 94 76 
43 79 97 95 96 
44 97 72 88 95 
45 99 101 83 102 
46 100 99 102 84 
47 88 105 103 104 
48 105 87 106 103 
49 10 109 108 26 
50 109 13 110 108 
51 108 110 8 111 
52 26 108 111 14 
53 23 113 112 42 
54 113 26 114 112 
55 112 114 14 115 
56 42 112 115 27 
57 39 117 116 58 
58 117 42 118 116 
59 116 118 27 119 
60 55 121 120 74 
61 121 58 122 120 
62 120 122 43 123 
63 74 120 123 59 
64 71 125 124 90 
65 125 74 126 124 
66 124 126 59 127 
67 90 124 127 75 
68 87 129 128 106 
69 129 90 130 128 
70 128 130 75 131 
71 106 128 131 91 
72 132 100 84 134 
73 133 132 134 92 
74 135 137 99 138 
75 136 135 138 100 
76 103 141 139 140 
77 141 106 142 139 
78 139 142 91 143 
79 95 146 144 145 
80 146 88 104 144 
81 104 150 148 149 
82 150 103 140 148 
83 14 111 152 37 
84 111 8 153 152 
85 152 153 21 154 
86 37 152 154 19 
87 27 115 155 53 
88 115 14 156 155 
89 155 156 37 157 
90 53 155 157 35 
91 119 27 159 158 
92 158 159 53 160 
93 69 158 160 51 
94 59 123 161 85 
95 123 43 162 161 
96 161 162 69 163 
97 85 161 163 67 
98 75 127 164 101 
99 127 59 165 164 
100 164 165 85 166 
101 101 164 166 83 
102 91 131 167 137 
103 131 75 168 167 
104 167 168 101 169 
105 137 167 169 99 
106 143 91 172 170 
107 170 172 137 173 
108 171 170 173 135 
109 140 176 174 175 
110 176 139 177 174 
111 174 177 143 178 
112 175 174 178 107 
113 179 136 100 181 
114 180 179 181 132 
115 182 171 135 184 
116 183 182 184 136 
117 187 107 188 185 
118 185 188 171 189 
119 186 185 189 182 
120 190 183 136 193 
121 191 190 193 179 
122 5 196 194 195 
123 196 151 186 194 
124 194 186 182 197 
125 195 194 197 183 
126 148 200 198 199 
127 200 140 175 198 
128 198 175 107 187 
129 199 198 187 151 
130 151 203 201 202 
131 203 187 204 201 
132 201 204 185 205 
133 202 201 205 186 
134 144 208 206 207 
135 208 104 149 206 
136 192 211 209 210 
137 211 5 195 209 
138 209 195 183 212 
139 210 209 212 190 
140 6 215 213 214 
141 215 18 45 213 
142 213 45 28 216 
143 214 213 216 29 
144 18 219 217 218 
145 219 34 61 217 
146 217 61 44 220 
147 218 217 220 45 
148 34 223 221 222 
149 223 50 77 221 
150 221 77 60 224 
151 222 221 224 61 
152 50 227 225 226 
153 227 66 93 225 
154 225 93 76 228 
155 226 225 228 77 
156 66 231 229 230 
157 231 82 133 229 
158 229 133 92 232 
159 230 229 232 93 
160 82 235 233 234 
161 235 98 180 233 
162 233 180 132 236 
163 234 233 236 133 
164 98 239 237 238 
165 237 191 179 240 
166 238 237 240 180 
167 243 192 210 241 
168 241 210 190 244 
169 242 241 244 191 
170 16 247 245 246 
171 247 15 32 245 
172 245 32 18 215 
173 246 245 215 6 
174 32 250 248 249 
175 250 31 48 248 
176 248 48 34 219 
177 249 248 219 18 
178 48 253 251 252 
179 253 47 64 251 
180 251 64 50 223 
181 252 251 223 34 
182 64 256 254 255 
183 256 63 80 254 
184 254 80 66 227 
185 255 254 227 50 
186 80 259 257 258 
187 259 79 96 257 
188 257 96 82 231 
189 258 257 231 66 
190 96 262 260 261 
191 262 95 145 260 
192 260 145 98 235 
193 261 260 235 82 
194 145 265 263 264 
195 265 144 207 263 
196 264 263 239 98 
197 239 268 266 267 
198 266 242 191 269 
199 267 266 269 237 
200 207 272 270 271 
201 272 206 273 270 
202 270 273 192 243 
203 147 276 274 275 
204 276 243 277 274 
205 274 277 241 278 
206 275 274 278 242 
207 263 281 279 280 
208 281 207 271 279 
209 280 279 268 239 
210 279 284 282 283 
211 284 271 285 282 
212 282 285 147 286 
213 283 282 286 268 
214 43 288 287 162 
215 288 119 289 287 
216 287 289 158 290 
217 162 287 290 69 
218 58 292 291 122 
219 292 116 293 291 
220 291 293 119 288 
221 122 291 288 43 
222 149 296 294 295 
223 296 148 199 294 
224 294 199 151 196 
225 295 294 196 5 
226 107 178 297 188 
227 178 143 298 297 
228 297 298 170 299 
229 188 297 299 171 
230 206 301 300 273 
231 301 149 295 300 
232 300 295 5 211 
233 273 300 211 192 
234 268 286 302 303 
235 286 147 275 302 
236 302 275 242 304 
237 303 302 304 266 
238 271 306 305 285 
239 306 270 307 305 
240 305 307 243 276 
241 285 305 276 147 
