2 0.000000 100.000000 1057.418842
307 241 
1 -12.500000 0.000000 -12.500228 99.746617 0.000000 6.977723 0.000192 
2 12.750000 0.000000 -12.500228 99.749039 0.000000 6.922876 0.000220 
3 12.750000 0.000000 12.514972 99.770540 0.000000 6.908135 -0.000188 
4 -12.500000 0.000000 12.514972 99.767249 0.000000 6.977317 -0.000219 
5 0.125000 0.000000 0.007372 100.070713 0.000000 0.377879 -0.001429 
6 -12.500000 0.000000 0.007372 99.757242 0.000000 6.990172 -0.000037 
7 0.125000 0.000000 -12.500228 99.728867 0.000000 6.948372 0.000587 
8 12.750000 0.000000 0.007372 99.891806 0.000000 5.006074 -0.000343 
9 0.125000 0.000000 12.514972 99.787549 0.000000 6.945118 -0.000579 
10 6.437500 0.000000 -6.246428 99.726644 0.000000 6.778444 0.000865 
11 0.125000 0.000000 -6.246428 99.647515 0.000000 6.872653 0.002314 
12 6.437500 0.000000 -12.500228 99.738061 0.000000 6.927267 0.000433 
13 12.750000 0.000000 -6.246428 99.757007 0.000000 6.797360 0.000234 
14 6.437500 0.000000 0.007372 99.924687 0.000000 4.405751 -0.000435 
15 -6.187500 0.000000 -6.246428 99.717874 0.000000 6.984072 0.000757 
16 -12.500000 0.000000 -6.246428 99.746816 0.000000 6.984433 0.000179 
17 -6.187500 0.000000 -12.500228 99.736434 0.000000 6.970715 0.000405 
18 -6.187500 0.000000 0.007372 99.759223 0.000000 7.032433 -0.000136 
19 6.437500 0.000000 6.261172 99.809487 0.000000 6.733999 -0.000728 
20 0.125000 0.000000 6.261172 99.877619 0.000000 6.862682 -0.002264 
21 12.750000 0.000000 6.261172 99.784123 0.000000 6.701313 -0.000178 
22 6.437500 0.000000 12.514972 99.780231 0.000000 6.919312 -0.000397 
23 3.281250 0.000000 -3.119528 99.640251 0.000000 6.356211 0.003142 
24 0.125000 0.000000 -3.119528 99.390970 0.000000 6.666085 0.007700 
25 3.281250 0.000000 -6.246428 99.685083 0.000000 6.793995 0.001673 
26 6.437500 0.000000 -3.119528 99.750209 0.000000 6.397579 0.000897 
27 3.281250 0.000000 0.007372 99.918416 0.000000 4.005559 0.000027 
28 -6.187500 0.000000 6.261172 99.798673 0.000000 6.982703 -0.000853 
29 -12.500000 0.000000 6.261172 99.767446 0.000000 6.984120 -0.000232 
30 -6.187500 0.000000 12.514972 99.778342 0.000000 6.969603 -0.000429 
31 -3.031250 0.000000 -3.119528 99.611991 0.000000 7.008918 0.002833 
32 -6.187500 0.000000 -3.119528 99.718958 0.000000 7.010399 0.000698 
33 -3.031250 0.000000 -6.246428 99.678908 0.000000 6.957683 0.001571 
34 -3.031250 0.000000 0.007372 99.764299 0.000000 7.181530 -0.000449 
35 3.281250 0.000000 3.134272 99.932739 0.000000 6.269639 -0.002586 
36 0.125000 0.000000 3.134272 100.153627 0.000000 6.644215 -0.007489 
37 6.437500 0.000000 3.134272 99.841573 0.000000 6.205420 -0.000685 
38 3.281250 0.000000 6.261172 99.846333 0.000000 6.770271 -0.001513 
39 1.703125 0.000000 -1.556078 99.342863 0.000000 5.545488 0.010024 
40 0.125000 0.000000 -1.556078 98.689275 0.000000 6.311936 0.022059 
41 1.703125 0.000000 -3.119528 99.500649 0.000000 6.420476 0.005840 
42 3.281250 0.000000 -1.556078 99.683187 0.000000 5.632175 0.003154 
43 1.703125 0.000000 0.007372 99.866550 0.000000 3.496174 0.001445 
44 -3.031250 0.000000 3.134272 99.912896 0.000000 7.005060 -0.003166 
45 -6.187500 0.000000 3.134272 99.798830 0.000000 7.009383 -0.000894 
46 -3.031250 0.000000 6.261172 99.840639 0.000000 6.954098 -0.001651 
47 -1.453125 0.000000 -1.556078 99.294394 0.000000 7.130575 0.008978 
48 -3.031250 0.000000 -1.556078 99.621575 0.000000 7.104176 0.002507 
49 -1.453125 0.000000 -3.119528 99.482484 0.000000 6.921751 0.005532 
50 -1.453125 0.000000 0.007372 99.771725 0.000000 7.673203 -0.001328 
51 1.703125 0.000000 1.570822 100.269961 0.000000 5.458484 -0.008386 
52 0.125000 0.000000 1.570822 100.883230 0.000000 6.285263 -0.021693 
53 3.281250 0.000000 1.570822 99.965070 0.000000 5.441113 -0.002262 
54 1.703125 0.000000 3.134272 100.058646 0.000000 6.372726 -0.005234 
55 0.914062 0.000000 -0.774353 98.632271 0.000000 4.424836 0.025210 
56 0.125000 0.000000 -0.774353 97.202088 0.000000 5.924372 0.051666 
57 0.914062 0.000000 -1.556078 98.969945 0.000000 5.720780 0.017222 
58 1.703125 0.000000 -0.774353 99.427921 0.000000 4.608264 0.009285 
59 0.914062 0.000000 0.007372 99.823390 0.000000 2.314686 0.002993 
60 -1.453125 0.000000 1.570822 100.246102 0.000000 7.123688 -0.010003 
61 -3.031250 0.000000 1.570822 99.905996 0.000000 7.101597 -0.003164 
62 -1.453125 0.000000 3.134272 100.049958 0.000000 6.912729 -0.005778 
63 -0.664062 0.000000 -0.774353 98.523262 0.000000 7.582075 0.023568 
64 -1.453125 0.000000 -0.774353 99.343836 0.000000 7.442863 0.007541 
65 -0.664062 0.000000 -1.556078 98.926376 0.000000 6.929360 0.016556 
66 -0.664062 0.000000 0.007372 99.774359 0.000000 8.976360 -0.003550 
67 0.914062 0.000000 0.789097 100.993149 0.000000 4.376565 -0.021877 
68 0.125000 0.000000 0.789097 102.396321 0.000000 5.908506 -0.051992 
69 1.703125 0.000000 0.789097 100.237704 0.000000 4.508513 -0.006792 
70 0.914062 0.000000 1.570822 100.622643 0.000000 5.669397 -0.015706 
71 0.519531 0.000000 -0.383490 97.183534 0.000000 2.768157 0.054770 
72 0.125000 0.000000 -0.383490 97.990722 0.000000 -0.162609 0.039779 
73 0.519531 0.000000 -0.774353 97.805280 0.000000 4.752732 0.041154 
74 0.914062 0.000000 -0.383490 98.836219 0.000000 3.207865 0.022111 
75 0.519531 0.000000 0.007372 97.245439 0.000000 -15.391521 0.030643 
76 -0.664062 0.000000 0.789097 101.035808 0.000000 7.578912 -0.026567 
77 -1.453125 0.000000 0.789097 100.199454 0.000000 7.439514 -0.009528 
78 -0.664062 0.000000 1.570822 100.627406 0.000000 6.916573 -0.017371 
79 -0.269531 0.000000 -0.383490 96.862845 0.000000 8.742149 0.054116 
80 -0.664062 0.000000 -0.383490 98.696174 0.000000 8.386113 0.018874 
81 -0.269531 0.000000 -0.774353 97.691718 0.000000 7.174927 0.040485 
82 -0.269531 0.000000 0.007372 99.161752 0.000000 15.188149 -0.006373 
83 0.519531 0.000000 0.398235 102.427500 0.000000 2.726787 -0.049883 
84 0.125000 0.000000 0.398235 98.038285 0.000000 -0.160168 0.038847 
85 0.914062 0.000000 0.398235 100.803282 0.000000 3.176450 -0.017139 
86 0.519531 0.000000 0.789097 101.804970 0.000000 4.718134 -0.038651 
87 0.322266 0.000000 -0.188059 97.816362 0.000000 -2.614115 0.042513 
88 0.125000 0.000000 -0.188059 98.024832 0.000000 -0.162560 0.039111 
89 0.322266 0.000000 -0.383490 96.586277 0.000000 -18.714799 0.032085 
90 0.519531 0.000000 -0.188059 96.483102 0.000000 -19.027003 0.032898 
91 0.322266 0.000000 0.007372 97.768592 0.000000 -3.457385 0.042935 
92 -0.269531 0.000000 0.398235 102.702242 0.000000 8.765293 -0.062458 
93 -0.664062 0.000000 0.398235 100.858208 0.000000 8.388873 -0.024275 
94 -0.269531 0.000000 0.789097 101.883695 0.000000 7.171787 -0.043172 
95 -0.072266 0.000000 -0.188059 98.131961 0.000000 2.279394 0.036492 
96 -0.269531 0.000000 -0.188059 98.807563 0.000000 18.488865 -0.010477 
97 -0.072266 0.000000 -0.383490 98.864456 0.000000 18.223680 -0.010628 
98 -0.072266 0.000000 0.007372 98.191571 0.000000 3.117158 0.034870 
99 0.322266 0.000000 0.202803 97.861479 0.000000 -2.537739 0.041669 
100 0.125000 0.000000 0.202803 98.073394 0.000000 -0.160039 0.038158 
101 0.519531 0.000000 0.202803 96.518570 0.000000 -18.926956 0.032594 
102 0.322266 0.000000 0.398235 97.118072 0.000000 -16.473329 0.029671 
103 0.223633 0.000000 -0.090344 97.901254 0.000000 -2.090930 0.041097 
104 0.125000 0.000000 -0.090344 98.056746 0.000000 -0.161941 0.038485 
105 0.223633 0.000000 -0.188059 97.911494 0.000000 -1.646620 0.041063 
106 0.322266 0.000000 -0.090344 97.776729 0.000000 -3.209261 0.042941 
107 0.223633 0.000000 0.007372 98.107212 0.000000 -15.984134 0.011948 
108 9.593750 0.000000 -3.119528 99.774579 0.000000 6.459559 0.000331 
109 9.593750 0.000000 -6.246428 99.747811 0.000000 6.785798 0.000433 
110 12.750000 0.000000 -3.119528 99.780520 0.000000 6.507918 0.000149 
111 9.593750 0.000000 0.007372 99.908395 0.000000 4.739124 -0.000415 
112 4.859375 0.000000 -1.556078 99.771861 0.000000 5.736638 0.001267 
113 4.859375 0.000000 -3.119528 99.712916 0.000000 6.366685 0.001680 
114 6.437500 0.000000 -1.556078 99.801181 0.000000 5.821209 0.000584 
115 4.859375 0.000000 0.007372 99.927338 0.000000 4.227728 -0.000335 
116 2.492188 0.000000 -0.774353 99.678911 0.000000 4.824392 0.004084 
117 2.492188 0.000000 -1.556078 99.571214 0.000000 5.573703 0.005451 
118 3.281250 0.000000 -0.774353 99.772155 0.000000 4.970938 0.002081 
119 2.492188 0.000000 0.007372 99.902793 0.000000 3.840778 0.000468 
120 1.308594 0.000000 -0.383490 99.383012 0.000000 3.680196 0.010947 
121 1.308594 0.000000 -0.774353 99.145193 0.000000 4.478257 0.015018 
122 1.703125 0.000000 -0.383490 99.605185 0.000000 3.974142 0.006301 
123 1.308594 0.000000 0.007372 99.848752 0.000000 3.126186 0.002045 
124 0.716797 0.000000 -0.188059 98.769065 0.000000 1.938384 0.024091 
125 0.716797 0.000000 -0.383490 98.242382 0.000000 2.917971 0.033992 
126 0.914062 0.000000 -0.188059 99.236591 0.000000 2.593077 0.014537 
127 0.716797 0.000000 0.007372 99.803152 0.000000 1.452829 0.003722 
128 0.420898 0.000000 -0.090344 97.732456 0.000000 -3.480642 0.043625 
129 0.420898 0.000000 -0.188059 97.787517 0.000000 -11.763802 0.029921 
130 0.519531 0.000000 -0.090344 96.902260 0.000000 -17.185782 0.031460 
131 0.420898 0.000000 0.007372 97.722980 0.000000 -3.674294 0.043672 
132 -0.072266 0.000000 0.202803 98.166000 0.000000 2.208175 0.035856 
133 -0.269531 0.000000 0.202803 98.827010 0.000000 18.408093 -0.010564 
134 -0.072266 0.000000 0.398235 99.129084 0.000000 16.239926 -0.009031 
135 0.223633 0.000000 0.105088 97.935809 0.000000 -2.044080 0.040440 
136 0.125000 0.000000 0.105088 98.089622 0.000000 -0.160219 0.037840 
137 0.322266 0.000000 0.105088 97.806999 0.000000 -3.148697 0.042388 
138 0.223633 0.000000 0.202803 97.961663 0.000000 -1.591634 0.040098 
139 0.272949 0.000000 -0.041486 97.823222 0.000000 -2.959302 0.042186 
140 0.223633 0.000000 -0.041486 97.902087 0.000000 -2.241098 0.041016 
141 0.272949 0.000000 -0.090344 97.829434 0.000000 -2.773510 0.042171 
142 0.322266 0.000000 -0.041486 97.766637 0.000000 -3.400182 0.043012 
143 0.272949 0.000000 0.007372 97.827195 0.000000 -3.015562 0.042075 
144 0.026367 0.000000 -0.090344 98.148825 0.000000 1.760694 0.036371 
145 -0.072266 0.000000 -0.090344 98.168454 0.000000 2.869981 0.035472 
146 0.026367 0.000000 -0.188059 98.102424 0.000000 1.317872 0.037418 
147 0.026367 0.000000 0.007372 99.907428 0.000000 15.072157 -0.020866 
148 0.174316 0.000000 -0.041486 97.991216 0.000000 -1.274262 0.039610 
149 0.125000 0.000000 -0.041486 98.073127 0.000000 -0.161440 0.038164 
150 0.174316 0.000000 -0.090344 97.981902 0.000000 -1.190154 0.039813 
151 0.174316 0.000000 0.007372 99.634310 0.000000 -5.525682 0.004247 
152 9.593750 0.000000 3.134272 99.824831 0.000000 6.146444 -0.000278 
153 12.750000 0.000000 3.134272 99.824317 0.000000 6.066470 -0.000170 
154 9.593750 0.000000 6.261172 99.791409 0.000000 6.716556 -0.000344 
155 4.859375 0.000000 1.570822 99.900736 0.000000 5.414063 -0.000947 
156 6.437500 0.000000 1.570822 99.885050 0.000000 5.355390 -0.000570 
157 4.859375 0.000000 3.134272 99.871281 0.000000 6.230690 -0.001309 
158 2.492188 0.000000 0.789097 100.022904 0.000000 4.642524 -0.002613 
159 3.281250 0.000000 0.789097 99.956809 0.000000 4.685108 -0.001331 
160 2.492188 0.000000 1.570822 100.060373 0.000000 5.439444 -0.004167 
161 1.308594 0.000000 0.398235 100.291706 0.000000 3.625279 -0.007157 
162 1.703125 0.000000 0.398235 100.097278 0.000000 3.886718 -0.003457 
163 1.308594 0.000000 0.789097 100.500525 0.000000 4.408646 -0.011979 
164 0.716797 0.000000 0.202803 100.843686 0.000000 1.920749 -0.017314 
165 0.914062 0.000000 0.202803 100.407887 0.000000 2.577348 -0.008839 
166 0.716797 0.000000 0.398235 101.378597 0.000000 2.887468 -0.028596 
167 0.420898 0.000000 0.105088 97.851779 0.000000 -4.912238 0.040090 
168 0.519531 0.000000 0.105088 96.924054 0.000000 -17.120179 0.031263 
169 0.420898 0.000000 0.202803 97.832590 0.000000 -11.610291 0.029399 
170 0.272949 0.000000 0.056230 97.841498 0.000000 -2.925409 0.041848 
171 0.223633 0.000000 0.056230 97.921178 0.000000 -2.213568 0.040654 
172 0.322266 0.000000 0.056230 97.783206 0.000000 -3.365439 0.042712 
173 0.272949 0.000000 0.105088 97.862584 0.000000 -2.715293 0.041554 
174 0.248291 0.000000 -0.017057 97.861971 0.000000 -2.678052 0.041586 
175 0.223633 0.000000 -0.017057 97.904775 0.000000 -2.278850 0.040946 
176 0.248291 0.000000 -0.041486 97.860404 0.000000 -2.634910 0.041640 
177 0.272949 0.000000 -0.017057 97.823829 0.000000 -3.005707 0.042146 
178 0.248291 0.000000 0.007372 97.865761 0.000000 -2.687229 0.041507 
179 0.026367 0.000000 0.105088 98.176612 0.000000 1.717599 0.035840 
180 -0.072266 0.000000 0.105088 98.189902 0.000000 2.813161 0.035083 
181 0.026367 0.000000 0.202803 98.144727 0.000000 1.268128 0.036600 
182 0.174316 0.000000 0.056230 98.010151 0.000000 -1.258445 0.039243 
183 0.125000 0.000000 0.056230 98.091166 0.000000 -0.160491 0.037810 
184 0.174316 0.000000 0.105088 98.016257 0.000000 -1.163309 0.039146 
185 0.198975 0.000000 0.031801 97.960137 0.000000 -1.802602 0.040056 
186 0.174316 0.000000 0.031801 99.146091 0.000000 -3.096014 0.016047 
187 0.198975 0.000000 0.007372 99.109191 0.000000 -9.227758 0.009222 
188 0.223633 0.000000 0.031801 97.914577 0.000000 -2.264484 0.040761 
189 0.198975 0.000000 0.056230 97.965557 0.000000 -1.761647 0.039965 
190 0.075684 0.000000 0.056230 98.150463 0.000000 0.935373 0.036561 
191 0.026367 0.000000 0.056230 98.183724 0.000000 1.885340 0.035640 
192 0.075684 0.000000 0.007372 100.213573 0.000000 5.604143 -0.007417 
193 0.075684 0.000000 0.105088 98.144402 0.000000 0.841148 0.036697 
194 0.149658 0.000000 0.031801 99.690318 0.000000 -2.206798 0.005697 
195 0.125000 0.000000 0.031801 99.837641 0.000000 0.359956 0.003232 
196 0.149658 0.000000 0.007372 99.923687 0.000000 -2.421158 0.000939 
197 0.149658 0.000000 0.056230 98.052694 0.000000 -0.718808 0.038515 
198 0.198975 0.000000 -0.017057 97.950319 0.000000 -1.814216 0.040244 
199 0.174316 0.000000 -0.017057 97.996276 0.000000 -1.295431 0.039505 
200 0.198975 0.000000 -0.041486 97.946433 0.000000 -1.783891 0.040331 
201 0.186646 0.000000 0.019586 99.567851 0.000000 -6.674126 0.004170 
202 0.174316 0.000000 0.019586 99.646824 0.000000 -5.442655 0.004089 
203 0.186646 0.000000 0.007372 99.646158 0.000000 -7.231467 0.001835 
204 0.198975 0.000000 0.019586 99.080561 0.000000 -8.581817 0.010939 
205 0.186646 0.000000 0.031801 98.877570 0.000000 -5.092734 0.019729 
206 0.075684 0.000000 -0.041486 98.133764 0.000000 0.949224 0.036886 
207 0.026367 0.000000 -0.041486 98.168620 0.000000 1.910762 0.035927 
208 0.075684 0.000000 -0.090344 98.113824 0.000000 0.864447 0.037293 
209 0.100342 0.000000 0.031801 99.461750 0.000000 1.509560 0.010508 
210 0.075684 0.000000 0.031801 99.431401 0.000000 3.335457 0.010227 
211 0.100342 0.000000 0.007372 100.157382 0.000000 2.988598 -0.004043 
212 0.100342 0.000000 0.056230 98.124046 0.000000 0.397283 0.037151 
213 -9.343750 0.000000 3.134272 99.772118 0.000000 6.995749 -0.000342 
214 -12.500000 0.000000 3.134272 99.763755 0.000000 6.988247 -0.000164 
215 -9.343750 0.000000 0.007372 99.757808 0.000000 7.001344 -0.000064 
216 -9.343750 0.000000 6.261172 99.777146 0.000000 6.985809 -0.000428 
217 -4.609375 0.000000 1.570822 99.816721 0.000000 7.058398 -0.001320 
218 -6.187500 0.000000 1.570822 99.784347 0.000000 7.025113 -0.000627 
219 -4.609375 0.000000 0.007372 99.760887 0.000000 7.079120 -0.000235 
220 -4.609375 0.000000 3.134272 99.834838 0.000000 7.015638 -0.001621 
221 -2.242188 0.000000 0.789097 99.944740 0.000000 7.257518 -0.004162 
222 -3.031250 0.000000 0.789097 99.852078 0.000000 7.156635 -0.002165 
223 -2.242188 0.000000 0.007372 99.767210 0.000000 7.323768 -0.000713 
224 -2.242188 0.000000 1.570822 100.018782 0.000000 7.129717 -0.005459 
225 -1.058594 0.000000 0.398235 100.264640 0.000000 7.902286 -0.011544 
226 -1.453125 0.000000 0.398235 100.032562 0.000000 7.604565 -0.006434 
227 -1.058594 0.000000 0.007372 99.774092 0.000000 8.079579 -0.002015 
228 -1.058594 0.000000 0.789097 100.490464 0.000000 7.546809 -0.015529 
229 -0.466797 0.000000 0.202803 100.959785 0.000000 9.527455 -0.028365 
230 -0.664062 0.000000 0.202803 100.428806 0.000000 8.800403 -0.016339 
231 -0.466797 0.000000 0.007372 99.771005 0.000000 9.960378 -0.005346 
232 -0.466797 0.000000 0.398235 101.519439 0.000000 8.679215 -0.038153 
233 -0.170898 0.000000 0.105088 98.569428 0.000000 4.912037 0.025994 
234 -0.269531 0.000000 0.105088 99.176026 0.000000 15.105473 -0.006406 
235 -0.170898 0.000000 0.007372 98.174570 0.000000 3.331794 0.035065 
236 -0.170898 0.000000 0.202803 99.267333 0.000000 9.832823 0.004931 
237 -0.022949 0.000000 0.056230 98.195512 0.000000 2.591396 0.035093 
238 -0.072266 0.000000 0.056230 98.194098 0.000000 3.027045 0.034876 
239 -0.022949 0.000000 0.007372 98.193024 0.000000 2.679805 0.035095 
240 -0.022949 0.000000 0.105088 98.189550 0.000000 2.383796 0.035313 
241 0.051025 0.000000 0.031801 99.328600 0.000000 4.840940 0.011039 
242 0.026367 0.000000 0.031801 98.183718 0.000000 1.935478 0.035621 
243 0.051025 0.000000 0.007372 100.159232 0.000000 8.741735 -0.010829 
244 0.051025 0.000000 0.056230 98.170222 0.000000 1.436238 0.036054 
245 -9.343750 0.000000 -3.119528 99.743327 0.000000 6.996131 0.000232 
246 -12.500000 0.000000 -3.119528 99.750666 0.000000 6.988428 0.000097 
247 -9.343750 0.000000 -6.246428 99.737900 0.000000 6.986419 0.000354 
248 -4.609375 0.000000 -1.556078 99.704595 0.000000 7.059515 0.000916 
249 -6.187500 0.000000 -1.556078 99.733918 0.000000 7.025688 0.000379 
250 -4.609375 0.000000 -3.119528 99.685410 0.000000 7.017520 0.001357 
251 -2.242188 0.000000 -0.774353 99.589198 0.000000 7.259702 0.002929 
252 -3.031250 0.000000 -0.774353 99.676202 0.000000 7.158014 0.001342 
253 -2.242188 0.000000 -1.556078 99.513980 0.000000 7.133870 0.004608 
254 -1.058594 0.000000 -0.383490 99.284412 0.000000 7.903294 0.008014 
255 -1.453125 0.000000 -0.383490 99.511699 0.000000 7.603222 0.003961 
256 -1.058594 0.000000 -0.774353 99.059334 0.000000 7.550489 0.013024 
257 -0.466797 0.000000 -0.188059 98.587414 0.000000 9.518996 0.018991 
258 -0.664062 0.000000 -0.188059 99.121706 0.000000 8.797768 0.009749 
259 -0.466797 0.000000 -0.383490 98.037925 0.000000 8.670190 0.031339 
260 -0.170898 0.000000 -0.090344 98.159560 0.000000 3.139070 0.035485 
261 -0.269531 0.000000 -0.090344 99.013099 0.000000 16.851129 -0.008755 
262 -0.170898 0.000000 -0.188059 99.288499 0.000000 11.642193 0.000625 
263 -0.022949 0.000000 -0.041486 98.182170 0.000000 2.623102 0.035338 
264 -0.072266 0.000000 -0.041486 98.182595 0.000000 3.059679 0.035082 
265 -0.022949 0.000000 -0.090344 98.164865 0.000000 2.438144 0.035771 
266 0.001709 0.000000 0.031801 98.191768 0.000000 2.329555 0.035295 
267 -0.022949 0.000000 0.031801 98.195368 0.000000 2.653041 0.035063 
268 0.001709 0.000000 0.007372 98.189307 0.000000 2.354430 0.035332 
269 0.001709 0.000000 0.056230 98.191801 0.000000 2.272270 0.035321 
270 0.051025 0.000000 -0.017057 98.161949 0.000000 1.487121 0.036202 
271 0.026367 0.000000 -0.017057 98.175997 0.000000 1.948756 0.035768 
272 0.051025 0.000000 -0.041486 98.154295 0.000000 1.456446 0.036361 
273 0.075684 0.000000 -0.017057 98.141460 0.000000 0.970838 0.036731 
274 0.038696 0.000000 0.019586 99.933571 0.000000 8.908708 -0.006608 
275 0.026367 0.000000 0.019586 99.396891 0.000000 7.668706 0.006145 
276 0.038696 0.000000 0.007372 100.418398 0.000000 12.100207 -0.023027 
277 0.051025 0.000000 0.019586 100.017982 0.000000 8.237552 -0.007145 
278 0.038696 0.000000 0.031801 98.177667 0.000000 1.713560 0.035821 
279 0.001709 0.000000 -0.017057 98.184494 0.000000 2.344829 0.035431 
280 -0.022949 0.000000 -0.017057 98.188558 0.000000 2.669552 0.035188 
281 0.001709 0.000000 -0.041486 98.177562 0.000000 2.301550 0.035587 
282 0.014038 0.000000 -0.004842 98.664661 0.000000 15.868154 0.001349 
283 0.001709 0.000000 -0.004842 98.187183 0.000000 2.353957 0.035374 
284 0.014038 0.000000 -0.017057 98.180872 0.000000 2.155473 0.035587 
285 0.026367 0.000000 -0.004842 99.268525 0.000000 11.183675 0.002069 
286 0.014038 0.000000 0.007372 99.092463 0.000000 19.411492 -0.019612 
287 2.097656 0.000000 0.398235 100.013772 0.000000 4.033428 -0.001902 
288 2.097656 0.000000 0.007372 99.883809 0.000000 3.708312 0.000947 
289 2.492188 0.000000 0.398235 99.976063 0.000000 4.115944 -0.001215 
290 2.097656 0.000000 0.789097 100.103442 0.000000 4.578100 -0.004166 
291 2.097656 0.000000 -0.383490 99.717770 0.000000 4.173038 0.003895 
292 2.097656 0.000000 -0.774353 99.581077 0.000000 4.715344 0.006137 
293 2.492188 0.000000 -0.383490 99.782621 0.000000 4.315048 0.002481 
294 0.149658 0.000000 -0.017057 98.040235 0.000000 -0.738163 0.038757 
295 0.125000 0.000000 -0.017057 98.080046 0.000000 -0.161173 0.038028 
296 0.149658 0.000000 -0.041486 98.034135 0.000000 -0.727393 0.038878 
297 0.248291 0.000000 0.031801 97.871628 0.000000 -2.661661 0.041406 
298 0.272949 0.000000 0.031801 97.833209 0.000000 -2.988065 0.041973 
299 0.248291 0.000000 0.056230 97.879213 0.000000 -2.603466 0.041288 
300 0.100342 0.000000 -0.017057 98.114094 0.000000 0.415233 0.037345 
301 0.100342 0.000000 -0.041486 98.106637 0.000000 0.403953 0.037492 
302 0.014038 0.000000 0.019586 98.187424 0.000000 2.156848 0.035458 
303 0.001709 0.000000 0.019586 98.190840 0.000000 2.346238 0.035305 
304 0.014038 0.000000 0.031801 98.188372 0.000000 2.141103 0.035446 
305 0.038696 0.000000 -0.004842 99.484762 0.000000 8.004429 0.003871 
306 0.038696 0.000000 -0.017057 98.169731 0.000000 1.725566 0.035973 
307 0.051025 0.000000 -0.004842 99.464628 0.000000 5.252793 0.007920 
1 7 12 10 11 
2 12 2 13 10 
3 1 17 15 16 
4 17 7 11 15 
5 19 21 3 22 
6 20 19 22 9 
7 11 25 23 24 
8 25 10 26 23 
9 28 20 9 30 
10 29 28 30 4 
11 15 33 31 32 
12 33 11 24 31 
13 35 37 19 38 
14 36 35 38 20 
15 24 41 39 40 
16 41 23 42 39 
17 44 36 20 46 
18 45 44 46 28 
19 31 49 47 48 
20 49 24 40 47 
21 51 53 35 54 
22 52 51 54 36 
23 40 57 55 56 
24 57 39 58 55 
25 60 52 36 62 
26 61 60 62 44 
27 47 65 63 64 
28 65 40 56 63 
29 67 69 51 70 
30 68 67 70 52 
31 56 73 71 72 
32 73 55 74 71 
33 76 68 52 78 
34 77 76 78 60 
35 63 81 79 80 
36 81 56 72 79 
37 83 85 67 86 
38 84 83 86 68 
39 72 89 87 88 
40 89 71 90 87 
41 92 84 68 94 
42 93 92 94 76 
43 79 97 95 96 
44 97 72 88 95 
45 99 101 83 102 
46 100 99 102 84 
47 88 105 103 104 
48 105 87 106 103 
49 10 109 108 26 
50 109 13 110 108 
51 108 110 8 111 
52 26 108 111 14 
53 23 113 112 42 
54 113 26 114 112 
55 112 114 14 115 
56 42 112 115 27 
57 39 117 116 58 
58 117 42 118 116 
59 116 118 27 119 
60 55 121 120 74 
61 121 58 122 120 
62 120 122 43 123 
63 74 120 123 59 
64 71 125 124 90 
65 125 74 126 124 
66 124 126 59 127 
67 90 124 127 75 
68 87 129 128 106 
69 129 90 130 128 
70 128 130 75 131 
71 106 128 131 91 
72 132 100 84 134 
73 133 132 134 92 
74 135 137 99 138 
75 136 135 138 100 
76 103 141 139 140 
77 141 106 142 139 
78 139 142 91 143 
79 95 146 144 145 
80 146 88 104 144 
81 104 150 148 149 
82 150 103 140 148 
83 14 111 152 37 
84 111 8 153 152 
85 152 153 21 154 
86 37 152 154 19 
87 27 115 155 53 
88 115 14 156 155 
89 155 156 37 157 
90 53 155 157 35 
91 119 27 159 158 
92 158 159 53 160 
93 69 158 160 51 
94 59 123 161 85 
95 123 43 162 161 
96 161 162 69 163 
97 85 161 163 67 
98 75 127 164 101 
99 127 59 165 164 
100 164 165 85 166 
101 101 164 166 83 
102 91 131 167 137 
103 131 75 168 167 
104 167 168 101 169 
105 137 167 169 99 
106 143 91 172 170 
107 170 172 137 173 
108 171 170 173 135 
109 140 176 174 175 
110 176 139 177 174 
111 174 177 143 178 
112 175 174 178 107 
113 179 136 100 181 
114 180 179 181 132 
115 182 171 135 184 
116 183 182 184 136 
117 187 107 188 185 
118 185 188 171 189 
119 186 185 189 182 
120 190 183 136 193 
121 191 190 193 179 
122 5 196 194 195 
123 196 151 186 194 
124 194 186 182 197 
125 195 194 197 183 
126 148 200 198 199 
127 200 140 175 198 
128 198 175 107 187 
129 199 198 187 151 
130 151 203 201 202 
131 203 187 204 201 
132 201 204 185 205 
133 202 201 205 186 
134 144 208 206 207 
135 208 104 149 206 
136 192 211 209 210 
137 211 5 195 209 
138 209 195 183 212 
139 210 209 212 190 
140 6 215 213 214 
141 215 18 45 213 
142 213 45 28 216 
143 214 213 216 29 
144 18 219 217 218 
145 219 34 61 217 
146 217 61 44 220 
147 218 217 220 45 
148 34 223 221 222 
149 223 50 77 221 
150 221 77 60 224 
151 222 221 224 61 
152 50 227 225 226 
153 227 66 93 225 
154 225 93 76 228 
155 226 225 228 77 
156 66 231 229 230 
157 231 82 133 229 
158 229 133 92 232 
159 230 229 232 93 
160 82 235 233 234 
161 235 98 180 233 
162 233 180 132 236 
163 234 233 236 133 
164 98 239 237 238 
165 237 191 179 240 
166 238 237 240 180 
167 243 192 210 241 
168 241 210 190 244 
169 242 241 244 191 
170 16 247 245 246 
171 247 15 32 245 
172 245 32 18 215 
173 246 245 215 6 
174 32 250 248 249 
175 250 31 48 248 
176 248 48 34 219 
177 249 248 219 18 
178 48 253 251 252 
179 253 47 64 251 
180 251 64 50 223 
181 252 251 223 34 
182 64 256 254 255 
183 256 63 80 254 
184 254 80 66 227 
185 255 254 227 50 
186 80 259 257 258 
187 259 79 96 257 
188 257 96 82 231 
189 258 257 231 66 
190 96 262 260 261 
191 262 95 145 260 
192 260 145 98 235 
193 261 260 235 82 
194 145 265 263 264 
195 265 144 207 263 
196 264 263 239 98 
197 239 268 266 267 
198 266 242 191 269 
199 267 266 269 237 
200 207 272 270 271 
201 272 206 273 270 
202 270 273 192 243 
203 147 276 274 275 
204 276 243 277 274 
205 274 277 241 278 
206 275 274 278 242 
207 263 281 279 280 
208 281 207 271 279 
209 280 279 268 239 
210 279 284 282 283 
211 284 271 285 282 
212 282 285 147 286 
213 283 282 286 268 
214 43 288 287 162 
215 288 119 289 287 
216 287 289 158 290 
217 162 287 290 69 
218 58 292 291 122 
219 292 116 293 291 
220 291 293 119 288 
221 122 291 288 43 
222 149 296 294 295 
223 296 148 199 294 
224 294 199 151 196 
225 295 294 196 5 
226 107 178 297 188 
227 178 143 298 297 
228 297 298 170 299 
229 188 297 299 171 
230 206 301 300 273 
231 301 149 295 300 
232 300 295 5 211 
233 273 300 211 192 
234 268 286 302 303 
235 286 147 275 302 
236 302 275 242 304 
237 303 302 304 266 
238 271 306 305 285 
239 306 270 307 305 
240 305 307 243 276 
241 285 305 276 147 
